637
710
718
817
770
689
659
647
644
658
720
691
671
693
710
742
684
632
611
604
604
625
626
587
587
577
579
593
585
572
571
571
572
551
544
539
533
534
546
583
657
694
718
702
698
653
635
632
641
651
658
658
639
650
689
691
656
640
651
653
636
613
567
649
626
333
300
627
649
654
647
652
620
585
571
559
559
574
587
617
655
854
869
822
790
725
682
690
679
653
643
667
706
740
693
664
639
612
610
617
643
655
640
648
667
683
644
640
651
657
656
646
625
617
616
624
608
586
597
597
602
595
590
592
581
583
611
648
674
698
682
665
629
604
584
569
568
555
550
555
555
563
597
610
625
612
604
623
638
626
623
658
648
626
623
656
625
595
624
608
597
611
615
619
604
578
570
570
584
624
668
663
702
685
677
627
615
619
643
630
646
696
713
687
689
699
700
746
722
695
697
681
669
676
698
654
630
646
674
665
688
735
744
685
680
700
741
708
707
734
703
664
716
710
679
705
711
676
648
667
658
641
642
674
716
663
643
664
684
662
670
686
631
603
582
563
549
551
561
575
638
655
643
699
682
643
691
723
652
721
809
703
649
646
654
653
727
745
694
798
761
707
716
690
649
651
666
658
688
722
693
706
694
644
657
667
633
613
619
607
587
593
611
639
658
643
634
645
653
664
631
606
616
616
612
651
689
648
677
729
671
661
676
643
637
685
707
714
765
694
658
668
680
648
662
692
652
643
647
634
635
655
683
657
693
704
675
665
705
646
630
645
645
632
659
637
610
620
634
670
711
682
663
687
736
688
694
694
663
657
675
669
676
751
728
740
804
744
690
675
665
663
690
731
737
777
780
725
692
693
673
680
729
737
712
735
670
637
646
665
683
681
690
704
673
637
636
629
606
596
620
639
642
677
698
663
684
658
644
670
700
655
688
730
667
646
684
694
671
731
685
639
595
582
591
607
631
631
606
609
614
614
604
589
577
563
553
559
588
596
601
652
707
676
688
641
592
559
546
530
516
509
502
507
508
504
496
500
494
505
496
488
489
481
476
944
469
474
517
736
701
811
834
852
910
927
935
928
797
816
960
958
795
711
723
927
868
1006
854
758
942
891
766
769
728
748
954
898
820
724
697
720
750
688
785
783
726
786
773
752
747
695
653
636
619
609
649
691
659
658
689
697
679
627
586
568
555
576
620
648
608
630
615
597
594
574
580
598
614
611
631
629
627
663
615
634
631
626
668
656
614
607
605
581
557
546
543
548
543
559
564
578
581
600
591
599
603
648
629
619
611
621
604
606
636
654
655
714
712
646
661
687
664
656
691
715
654
672
667
637
639
659
644
631
649
661
637
699
698
671
673
662
624
634
642
617
621
684
679
624
605
603
586
583
569
568
568
579
586
595
588
577
571
584
580
588
581
592
585
600
613
613
604
600
634
630
622
630
636
636
623
628
650
628
632
634
622
601
589
566
586
628
635
665
643
633
656
631
630
642
654
627
627
657
656
653
728
714
681
720
732
675
673
728
679
736
779
710
680
698
671
708
719
669
670
667
647
672
677
669
662
692
643
670
678
667
676
680
657
656
663
647
641
664
651
663
648
617
596
598
585
580
606
622
613
620
627
612
627
627
616
628
634
604
606
620
620
614
612
652
634
629
658
652
691
796
702
676
712
762
662
651
662
646
664
760
707
714
783
688
692
712
688
708
810
847
838
783
744
754
770
741
733
716
676
713
742
781
780
816
794
788
734
696
691
727
741
738
776
758
786
759
729
732
719
677
673
681
640
629
664
646
621
632
656
636
662
658
650
631
646
632
641
630
642
651
691
657
622
610
615
614
638
718
684
692
697
665
695
677
696
738
690
647
668
714
666
662
709
692
659
669
657
630
637
654
662
689
678
654
656
659
644
641
647
649
645
659
638
629
614
598
607
608
617
604
649
661
635
634
656
647
640
626
590
585
598
603
651
657
651
631
604
585
588
600
607
622
700
659
641
657
657
656
739
700
645
632
635
622
621
638
646
637
688
674
650
668
656
642
646
653
637
636
669
652
642
671
677
657
639
630
607
612
629
646
635
686
658
652
686
649
643
651
658
671
698
662
681
661
625
592
575
582
600
608
628
688
694
676
690
657
655
677
665
637
639
647
626
641
637
631
642
674
659
629
673
657
630
633
659
641
635
665
688
653
665
676
642
634
635
623
630
662
635
626
637
629
616
628
614
604
614
609
598
598
604
598
592
576
570
577
585
578
578
602
608
593
635
631
608
623
611
597
604
618
619
631
644
643
672
702
675
636
643
646
627
658
712
692
696
721
735
794
799
706
684
660
643
656
678
728
728
790
732
759
734
690
667
674
659
679
692
694
729
734
712
689
625
602
619
641
626
661
665
631
644
676
653
673
716
714
659
713
669
652
646
660
646
644
659
632
663
686
672
683
689
659
661
650
630
633
659
637
626
659
638
675
688
626
621
637
634
621
650
701
666
672
684
688
668
715
764
683
688
692
686
662
677
705
656
666
671
651
694
686
659
657
646
626
663
696
681
663
676
644
635
661
667
667
698
712
670
631
633
619
617
646
672
686
734
769
681
672
673
639
626
631
622
638
672
672
673
683
674
658
669
699
676
654
652
654
619
622
642
695
658
663
649
627
613
618
611
604
627
611
615
638
693
667
647
650
617
616
623
607
600
601
626
604
626
640
646
616
606
596
595
643
635
605
595
584
561
563
576
590
642
651
620
626
681
671
637
636
650
655
647
656
663
631
646
708
648
644
657
668
646
697
724
637
621
639
621
607
656
648
646
673
683
651
645
664
637
628
698
688
646
659
691
654
693
731
703
650
684
700
729
730
730
696
698
688
667
660
671
639
665
684
663
636
642
635
624
629
639
643
653
714
790
714
747
757
683
691
714
734
708
846
844
771
840
758
737
774
740
712
796
879
782
815
794
754
774
751
716
736
746
724
725
702
676
681
697
706
692
678
662
670
704
708
746
705
673
657
668
652
673
729
656
669
661
657
663
703
675
648
684
752
703
666
660
650
647
643
617
607
589
617
651
662
688
658
612
599
597
599
591
636
654
639
716
725
682
704
700
658
676
737
726
719
691
826
853
782
753
687
653
685
897
944
798
767
757
706
760
876
771
760
727
670
664
684
717
722
764
807
731
744
711
656
665
667
679
728
749
708
705
719
704
706
779
797
736
745
745
714
720
711
690
678
677
677
706
751
699
728
728
702
728
720
705
698
717
682
706
728
669
625
611
647
607
604
594
589
594
611
625
689
736
789
813
792
764
701
723
711
684
697
687
685
779
717
702
747
699
695
728
708
701
720
697
660
655
687
708
707
713
706
673
651
647
627
610
625
648
650
698
734
729
667
663
694
694
687
702
687
696
737
742
714
688
706
718
708
723
723
732
739
756
713
706
709
688
709
743
723
702
715
714
673
673
674
698
684
703
702
689
695
708
709
692
687
674
646
655
668
638
664
679
684
729
739
710
730
737
717
707
709
739
685
703
688
646
665
675
713
715
869
856
831
825
742
721
720
741
772
788
771
778
805
754
759
734
702
709
717
715
787
828
761
816
795
725
713
678
671
693
677
674
688
705
659
673
700
698
704
708
720
695
674
686
682
659
670
685
679
706
718
695
709
708
711
680
677
661
661
680
671
666
655
655
666
677
716
703
707
721
670
648
649
643
662
679
668
675
726
671
646
639
627
709
726
701
708
735
702
694
698
658
651
678
661
657
711
694
692
740
722
691
690
701
682
707
742
729
724
798
728
731
729
696
742
813
776
825
829
764
789
739
706
714
758
710
740
783
726
766
784
736
738
795
733
786
833
757
724
709
690
720
747
706
758
804
730
739
711
719
750
709
719
822
769
760
761
798
794
724
785
779
734
755
784
730
743
754
746
751
776
737
704
643
668
687
745
817
765
800
809
717
675
684
679
736
881
800
802
772
708
719
721
684
692
744
817
792
772
696
722
731
692
711
769
742
764
725
688
695
674
668
683
674
688
745
719
703
725
739
688
780
795
690
686
701
691
711
817
749
784
729
683
704
699
697
735
790
825
884
813
736
728
733
702
748
737
721
743
703
700
735
716
666
721
689
661
699
709
716
722
745
716
744
737
678
700
738
678
735
759
704
766
756
662
679
715
680
731
835
771
767
810
730
732
725
687
688
701
709
760
864
799
800
755
685
656
676
678
727
748
750
722
714
685
659
669
655
654
658
683
663
662
652
614
594
605
646
671
722
772
691
680
665
643
642
661
656
700
773
725
734
729
689
705
731
706
679
703
684
683
733
778
727
729
744
700
697
688
665
688
748
741
775
766
761
710
700
683
665
689
688
705
705
658
651
639
669
679
652
698
702
675
740
742
673
677
685
659
663
689
714
699
754
717
703
702
684
671
711
762
732
766
734
695
762
786
717
717
738
732
819
814
785
876
760
677
671
695
725
732
772
729
716
761
727
723
703
725
723
754
703
735
774
721
744
828
762
758
733
691
663
684
696
722
787
716
696
710
698
680
733
728
705
702
741
730
718
718
706
731
679
688
745
729
706
765
788
683
639
613
614
719
709
678
635
608
604
632
679
794
785
734
660
652
644
655
666
720
733
731
670
701
724
796
798
907
785
738
721
722
732
739
748
756
767
785
726
738
805
762
837
847
788
794
802
825
864
883
840
743
724
745
740
770
987
830
864
818
776
766
742
719
747
812
772
858
882
814
803
809
775
779
905
802
837
805
733
775
827
770
818
789
746
812
769
711
709
747
826
882
939
831
829
773
743
765
793
811
892
918
844
840
735
678
659
731
872
1064
938
887
884
794
824
878
781
814
844
803
892
864
801
836
812
758
812
822
765
759
748
738
746
811
754
770
771
724
764
737
699
678
683
689
756
756
738
723
722
714
734
749
730
733
756
716
701
727
710
689
704
671
664
688
679
656
658
685
701
674
671
666
642
639
651
687
674
688
693
724
691
720
710
686
731
759
714
721
730
711
711
739
769
780
814
798
751
720
758
789
988
979
923
770
699
693
688
716
828
939
905
904
799
822
845
757
705
665
700
1055
758
752
812
799
832
816
750
745
781
791
968
973
856
830
797
773
807
813
760
768
813
802
862
888
823
836
801
770
810
865
850
973
874
858
822
839
813
910
822
753
770
786
773
869
872
806
783
782
771
876
990
889
932
935
834
819
913
866
981
937
853
911
900
774
810
811
762
828
984
806
811
797
771
923
907
817
873
801
722
722
685
712
775
849
807
818
804
756
792
858
805
805
788
747
787
809
763
741
790
757
835
856
776
772
755
724
736
783
771
815
856
755
749
726
699
706
754
737
780
897
838
835
823
756
743
729
704
744
684
719
813
885
914
813
805
771
729
734
790
746
793
868
763
771
751
713
701
732
740
774
842
791
798
837
771
740
739
735
740
819
955
818
802
763
752
815
949
826
869
843
823
876
859
785
804
843
813
882
825
764
777
790
810
914
935
817
809
820
768
758
751
771
760
863
861
784
710
677
714
740
755
750
757
757
849
920
848
771
761
757
758
764
732
762
877
814
832
900
796
768
724
690
710
757
839
936
896
839
850
816
814
811
829
806
859
842
794
826
842
822
897
872
805
803
806
859
858
807
767
833
855
818
842
828
768
761
773
821
829
791
782
776
795
810
776
783
793
803
834
820
775
794
779
728
749
831
938
880
922
890
855
877
871
808
846
836
830
825
795
770
754
866
912
803
755
765
756
718
709
684
634
653
665
744
777
737
746
758
712
686
688
703
707
783
845
750
729
747
742
720
785
829
821
837
846
771
748
720
710
759
804
766
816
906
823
808
802
753
759
775
747
754
765
747
728
716
673
652
660
714
743
708
697
707
656
647
641
646
641
646
671
655
640
646
654
659
647
660
665
653
645
683
688
661
656
679
688
669
703
729
696
733
730
699
694
663
624
603
597
614
616
647
679
701
686
716
773
774
862
750
700
708
709
674
685
864
1059
953
848
787
763
851
951
955
1028
790
768
791
750
756
820
753
774
793
754
745
760
742
730
771
956
816
858
863
749
738
769
739
703
874
836
788
907
921
834
986
993
788
783
758
711
695
751
735
887
938
912
901
779
796
841
760
803
871
847
983
890
812
810
752
792
894
766
802
797
745
768
736
697
760
847
772
849
795
734
745
752
739
794
786
760
763
780
734
784
827
802
771
717
717
766
789
760
807
841
756
739
740
702
713
709
680
679
688
655
719
686
804
786
736
793
817
739
701
696
717
1115
992
778
770
818
772
783
928
863
815
774
754
849
877
778
804
813
745
772
847
758
805
846
757
737
770
771
1009
864
744
814
828
794
868
798
758
809
959
864
873
787
798
883
815
861
842
782
806
798
778
867
799
741
759
773
753
898
802
800
887
804
752
747
716
762
798
824
894
820
875
886
763
817
754
739
824
896
809
796
807
763
714
670
729
703
781
797
732
770
797
751
796
776
717
783
764
759
799
775
734
801
821
748
764
703
695
743
768
696
737
840
760
778
823
806
767
797
859
798
807
744
753
783
807
783
847
845
760
739
770
746
889
922
811
831
760
728
746
718
722
790
864
767
745
715
691
653
646
746
861
813
921
884
739
757
838
812
1077
1034
908
917
818
862
1085
962
983
825
790
1132
896
824
893
832
839
995
864
1096
971
833
832
820
812
837
747
716
1152
909
853
930
837
838
893
836
884
831
786
837
818
753
921
903
827
874
832
764
783
756
744
931
963
901
930
810
796
850
789
889
958
826
893
871
817
948
940
862
912
831
801
849
827
770
750
740
704
670
728
732
693
713
806
762
723
776
720
690
721
775
713
761
978
966
804
776
768
714
781
1026
788
763
780
718
755
854
819
870
897
825
815
762
725
757
854
800
818
869
804
853
830
779
797
755
707
686
784
844
816
800
805
722
757
793
740
770
833
801
890
835
761
793
772
730
747
767
757
799
821
768
829
796
734
732
706
696
780
856
763
858
862
772
894
857
753
837
927
868
882
812
738
772
882
794
852
864
822
814
796
749
788
800
752
796
819
761
793
796
782
822
810
789
858
837
751
762
743
693
674
760
767
750
819
767
790
848
812
798
756
722
762
845
761
844
924
821
884
951
820
875
862
838
1015
819
789
975
1052
1063
948
831
917
820
779
874
849
938
881
829
901
795
820
813
795
1026
823
855
829
819
944
806
757
737
790
920
788
713
682
673
671
691
805
814
832
840
840
813
813
776
772
801
934
813
763
986
972
802
771
743
739
803
1016
872
881
807
811
865
849
874
862
819
827
848
821
888
972
865
813
780
758
834
1016
839
857
857
848
896
812
805
841
760
723
749
788
782
787
729
706
674
658
830
854
921
986
889
846
799
762
760
799
827
880
900
897
842
841
794
771
819
795
809
913
874
782
787
768
728
762
901
802
844
879
836
900
837
753
750
752
749
731
803
725
688
761
815
765
794
781
739
760
771
718
735
758
729
763
795
745
827
810
737
703
729
761
729
791
771
737
780
758
725
733
736
684
707
747
848
846
703
661
662
683
855
793
755
735
696
712
757
846
798
857
934
839
751
696
686
659
649
685
797
712
648
634
612
613
613
602
600
598
599
627
616
681
744
785
726
727
740
779
744
729
780
771
734
734
744
746
748
791
802
780
804
821
795
858
840
781
782
811
810
800
873
813
788
803
784
771
783
783
801
851
848
814
829
770
765
813
801
844
924
814
793
762
740
761
875
868
1003
1041
883
900
836
790
837
761
722
716
735
786
908
1066
882
834
795
774
811
792
821
914
845
869
917
870
901
874
807
809
839
813
885
995
889
891
951
868
876
855
817
860
882
826
854
815
772
780
810
776
851
865
800
819
835
791
844
876
822
847
858
791
792
810
789
846
931
814
813
801
795
883
899
830
897
913
822
836
840
796
839
865
815
886
887
816
855
863
826
857
844
817
854
836
780
783
772
755
768
795
798
829
810
779
789
787
771
814
846
800
792
767
742
762
775
763
771
754
729
711
670
746
742
806
814
767
775
750
759
771
752
746
771
781
758
844
878
787
814
756
739
752
735
766
813
823
771
776
764
729
683
683
864
930
813
776
760
854
867
770
773
729
675
671
665
683
691
691
676
732
768
726
710
697
706
729
767
701
739
751
717
743
730
717
720
718
688
700
749
734
721
749
728
692
690
694
686
730
771
759
733
759
721
711
717
710
683
701
715
711
708
758
771
753
743
700
674
671
638
647
687
723
771
745
807
791
738
738
740
720
762
763
749
786
800
754
758
756
722
719
737
734
728
737
725
746
696
657
674
745
810
777
855
756
728
756
745
748
868
822
826
870
784
812
807
729
792
893
836
910
843
748
742
760
741
828
868
777
813
771
741
796
763
725
752
734
765
799
792
769
787
747
748
745
736
822
868
790
832
870
744
735
693
651
698
817
773
815
775
738
821
800
758
840
800
751
807
838
836
855
839
779
807
763
827
841
756
818
819
751
797
820
760
834
945
822
779
758
729
737
821
778
743
708
754
776
872
868
844
876
761
718
812
753
853
967
802
854
860
759
763
830
764
833
837
771
845
859
787
866
813
789
874
1006
779
747
813
748
808
1038
814
834
823
776
874
817
768
896
885
885
896
799
795
827
786
1130
1034
897
960
954
889
897
794
779
799
762
786
830
815
760
881
837
864
943
874
897
777
696
637
610
596
613
790
778
921
912
885
820
800
766
767
726
705
683
731
814
1059
958
958
941
780
758
780
830
1104
1000
769
717
672
739
882
998
1024
842
902
834
795
915
848
808
1079
834
883
831
826
1061
793
862
1002
818
941
923
941
1005
924
975
796
1104
1028
903
891
816
833
1063
928
1052
910
950
878
765
749
697
744
751
777
874
779
843
858
759
892
880
805
933
901
792
844
836
837
918
834
822
816
806
817
819
817
867
920
858
944
930
844
801
720
726
739
692
703
768
712
741
842
781
794
841
755
732
694
658
683
729
734
831
756
771
773
761
754
863
904
865
872
803
766
784
835
894
987
816
775
874
837
883
1076
933
854
838
806
848
921
881
952
874
768
789
797
791
820
835
782
813
804
780
826
847
793
826
880
786
722
682
768
923
817
772
715
678
715
704
808
800
830
801
791
760
729
727
779
824
793
793
747
848
987
860
815
785
733
774
1084
843
870
825
958
821
776
832
806
786
810
807
774
862
833
761
793
799
761
791
795
748
782
794
773
816
888
806
813
814
787
785
771
769
777
827
815
845
816
821
821
768
771
791
752
783
840
797
906
878
810
843
866
810
872
797
770
769
786
729
716
701
736
908
875
794
829
882
770
805
795
751
832
744
683
676
729
825
994
885
755
769
813
781
870
944
824
882
805
774
819
773
819
1005
1009
914
795
774
950
865
795
897
781
806
789
813
780
782
721
669
646
624
614
595
583
574
567
560
553
559
590
630
580
605
596
635
655
622
631
654
1245
596
583
584
597
618
838
651
620
585
575
569
568
608
883
910
978
1004
960
914
957
983
998
1041
843
924
983
1121
1066
810
761
718
716
723
1225
1117
1019
954
1015
778
774
1133
986
1129
1108
1115
1109
938
1073
1121
961
1108
1074
1046
1024
906
1177
1107
1095
1158
923
1112
1013
993
936
892
1225
1118
907
947
940
1173
995
965
1162
1127
1151
913
933
1129
1150
1139
917
985
1096
913
1084
953
990
1073
916
1111
948
925
1104
1018
995
877
838
890
861
969
1085
892
897
821
798
752
715
938
887
830
820
833
760
783
753
778
1000
930
823
821
811
792
1113
980
830
793
755
730
729
731
716
767
773
768
713
682
678
672
657
632
629
617
623
619
617
621
621
634
627
616
606
612
631
646
638
652
670
680
697
705
690
660
640
657
652
709
661
729
716
746
773
692
695
696
679
665
680
704
782
768
724
777
731
692
704
736
692
725
738
712
751
770
753
796
762
704
696
678
688
695
685
680
685
680
676
697
713
672
688
724
701
706
733
698
688
703
670
662
656
643
627
623
634
665
656
662
692
669
652
627
609
620
641
660
1477
718
742
688
667
655
636
625
610
596
591
597
609
608
672
730
723
743
751
700
660
657
667
698
710
682
637
646
618
625
620
621
651
669
814
688
675
669
640
626
638
646
635
639
651
659
676
701
724
684
656
641
619
592
604
613
671
689
910
742
727
748
726
698
717
699
690
729
707
674
698
670
661
705
718
699
753
759
718
870
895
868
896
847
854
887
922
1051
901
877
992
867
912
905
829
886
804
751
848
861
764
813
771
737
835
873
794
800
713
664
645
651
655
709
793
707
763
736
709
713
739
720
721
674
678
660
664
646
643
661
699
664
696
677
657
678
670
677
680
661
635
645
652
646
663
660
650
657
657
639
644
646
639
637
656
633
649
669
639
650
680
672
717
804
751
707
652
643
655
676
654
660
653
684
638
635
631
625
610
598
598
601
629
694
858
1053
977
914
843
882
844
781
804
823
771
1024
796
782
782
750
742
728
719
729
750
801
749
788
834
757
864
853
810
876
816
769
884
806
771
732
720
742
749
735
702
714
741
741
844
907
840
794
806
795
799
782
774
936
898
885
771
712
673
692
670
646
672
668
668
666
714
753
960
925
904
776
839
929
869
763
774
702
717
754
876
748
759
726
750
697
724
741
827
881
864
743
770
694
683
691
730
768
722
700
673
688
714
727
691
672
655
649
636
629
631
617
610
631
618
585
577
575
575
595
658
854
1038
869
1153
1111
1067
867
764
848
1192
825
768
790
729
763
743
730
749
724
723
785
773
790
709
688
688
729
1163
1066
874
799
891
811
803
904
973
856
881
823
810
769
722
714
941
857
922
1085
1177
959
1036
950
845
843
830
781
738
715
684
713
806
889
810
768
786
771
775
757
762
757
758
719
707
678
659
718
769
716
891
965
890
911
1050
961
906
870
964
1067
1098
1071
988
877
798
1032
1006
896
799
734
720
735
778
733
716
680
723
771
772
878
938
794
755
763
765
741
720
697
697
663
697
808
742
755
820
763
808
747
789
754
839
959
777
800
780
755
859
876
957
814
857
772
782
1095
849
817
777
804
838
788
821
829
819
903
820
868
785
724
758
778
841
806
779
882
827
817
860
771
813
830
771
787
753
795
898
806
899
812
813
787
750
781
688
735
743
756
691
682
700
675
647
645
690
751
818
799
748
695
705
709
716
749
829
773
862
895
827
746
777
823
844
766
759
732
740
763
723
707
818
760
750
813
915
939
797
855
794
841
937
1081
909
898
862
912
972
960
893
808
961
975
813
758
772
1157
1032
811
805
806
805
832
817
827
810
936
850
951
890
874
911
836
873
931
928
1119
951
942
856
824
858
877
1126
1140
991
832
872
845
805
978
1043
906
891
851
819
926
804
806
850
777
728
678
649
625
625
677
831
743
755
726
676
639
641
677
743
721
682
725
700
674
694
771
685
698
677
688
675
686
715
692
701
734
710
687
700
700
675
715
758
702
712
698
654
656
656
674
681
711
714
672
694
721
687
736
779
680
653
632
655
806
726
704
645
664
683
629
598
603
623
640
619
628
637
619
618
643
651
636
646
642
632
648
662
633
643
735
689
743
901
745
775
787
740
757
760
834
953
809
854
799
784
833
766
770
754
735
895
776
849
733
714
802
974
902
910
803
872
820
764
829
775
813
968
908
937
799
780
795
761
863
838
806
777
712
729
738
724
765
804
782
831
756
799
803
750
855
770
821
861
795
817
799
753
897
824
834
836
772
829
846
784
778
719
717
724
695
698
647
704
662
702
721
713
748
754
674
716
752
691
671
681
674
653
641
630
617
677
689
772
760
729
810
844
745
852
836
776
993
1029
813
841
837
728
822
1064
914
938
810
880
917
898
936
796
959
1037
771
800
768
780
1096
893
875
866
820
832
796
778
790
754
765
843
791
796
930
833
788
891
912
876
891
818
854
817
770
817
747
764
830
771
859
927
810
795
730
853
958
891
898
828
798
843
771
808
846
882
1030
946
866
840
775
779
754
743
777
756
750
750
747
827
763
758
846
841
769
803
816
749
756
723
734
716
692
741
695
664
654
627
689
690
775
866
742
732
726
681
732
793
764
782
804
724
771
767
700
779
825
723
793
746
733
747
719
708
735
711
693
721
742
787
795
738
757
766
705
806
729
694
788
777
762
1103
920
965
789
747
820
884
989
877
890
934
899
996
837
956
778
799
785
797
979
814
869
972
881
892
759
820
857
809
881
856
813
884
906
796
825
823
766
855
849
796
873
792
759
789
728
776
819
786
868
836
807
834
763
754
741
727
771
813
846
805
767
877
795
742
806
777
733
781
761
783
779
762
808
809
789
832
762
808
743
685
683
725
709
676
647
654
927
822
811
781
749
801
768
714
736
794
718
804
814
747
731
733
715
738
715
762
792
771
819
747
765
809
759
768
750
716
686
709
729
901
871
840
843
764
769
753
724
824
818
780
807
764
731
839
781
751
774
727
765
837
736
751
729
694
707
692
666
711
763
755
820
795
718
815
757
707
785
740
721
748
695
725
762
734
865
752
722
750
744
767
802
743
818
777
714
745
722
705
745
715
768
731
727
738
702
711
699
672
711
675
646
686
680
765
713
705
742
700
807
751
782
844
779
840
822
737
800
769
810
796
732
754
762
713
713
749
713
774
771
712
718
742
725
746
762
713
778
738
700
691
687
660
667
742
683
711
684
670
735
781
704
716
695
644
636
685
725
681
729
741
719
808
793
731
766
713
719
785
693
760
747
720
747
768
719
928
837
777
818
751
761
898
987
979
871
782
772
710
845
961
823
824
808
764
813
813
744
753
756
754
786
757
871
862
777
871
795
794
776
744
933
950
849
947
843
789
878
810
884
906
783
860
852
843
879
825
778
813
834
769
885
805
803
796
760
842
938
820
903
837
839
914
770
776
815
777
947
850
840
746
669
685
743
732
749
754
726
844
879
813
815
738
772
831
753
841
899
850
893
797
801
808
806
846
795
834
821
772
813
728
699
724
743
832
873
780
755
733
713
769
711
695
702
690
680
715
711
695
722
757
701
735
734
700
710
746
698
689
716
682
696
853
738
693
746
703
707
817
704
691
701
675
705
751
720
772
756
692
720
673
682
694
723
789
798
705
731
734
706
782
702
707
774
707
695
756
724
729
727
688
712
734
713
761
760
709
720
657
618
621
655
699
696
733
728
715
734
701
727
782
756
801
772
729
733
773
704
772
767
706
775
747
695
745
706
707
728
720
725
771
732
740
797
760
720
776
742
738
742
708
777
774
734
828
787
762
811
759
817
795
691
714
810
730
805
858
797
887
864
776
851
793
833
837
704
734
737
755
849
847
817
788
715
805
979
875
853
750
765
806
734
771
877
798
829
809
763
809
741
804
833
824
923
919
811
817
760
822
956
827
907
807
781
835
819
801
790
755
920
920
942
967
836
836
838
769
839
852
781
804
727
753
849
767
769
736
721
735
754
749
784
757
761
795
775
713
725
681
659
711
712
754
733
718
790
776
729
806
794
698
741
796
742
814
844
718
778
829
791
872
791
791
875
806
801
790
768
818
791
751
809
851
802
832
772
771
891
852
808
823
752
777
848
819
865
800
701
717
691
666
803
797
743
768
778
710
772
841
751
808
832
752
729
784
748
910
771
700
727
701
690
749
758
707
735
778
726
789
778
747
689
680
664
733
774
689
718
720
679
754
756
679
675
646
733
818
746
771
692
680
705
679
695
783
731
679
676
656
802
881
781
806
915
793
777
700
661
675
673
697
719
754
742
704
733
693
670
723
729
737
835
756
711
699
746
683
688
738
687
713
725
668
724
761
685
799
871
817
879
882
790
888
915
810
885
883
833
1021
854
810
842
881
969
989
920
877
979
954
824
930
1044
915
920
994
900
918
904
845
1019
976
857
930
938
895
952
802
873
847
870
1189
1062
934
809
732
700
702
707
878
921
792
834
748
725
758
762
757
813
821
821
856
776
787
856
765
755
736
727
761
756
782
837
790
765
776
723
731
722
728
863
964
823
862
865
800
979
871
813
896
799
783
884
813
846
828
735
797
833
766
833
827
751
696
756
921
911
855
804
973
973
813
836
800
803
878
842
827
1000
994
990
837
826
832
896
983
850
875
842
762
822
854
1028
1009
807
782
727
822
1060
804
816
769
813
885
811
831
801
731
752
748
743
849
809
764
808
737
719
789
807
798
874
796
762
783
757
810
828
821
878
785
782
807
746
770
827
777
796
768
727
748
745
731
799
748
727
758
718
710
723
689
700
701
657
690
762
737
785
759
703
750
734
710
721
696
703
719
671
739
738
681
708
675
662
705
743
704
730
808
762
937
799
686
653
678
683
778
753
688
739
732
678
714
674
631
630
679
745
742
704
662
734
729
737
771
729
689
748
820
726
862
832
767
884
909
762
690
661
704
835
822
895
825
771
818
793
761
914
852
878
937
822
901
990
776
741
763
758
856
808
1081
853
754
812
771
853
808
786
903
766
861
924
831
901
836
965
896
843
851
773
750
947
838
819
876
790
844
879
814
1019
869
832
816
795
893
859
788
945
832
896
903
809
858
816
896
941
828
862
782
798
854
778
839
868
857
857
788
749
869
916
856
833
747
823
762
724
778
768
859
1020
970
862
771
752
728
769
804
797
931
829
928
874
990
839
807
969
803
811
777
773
863
826
947
823
798
807
786
902
792
757
780
753
816
767
795
968
878
833
866
839
914
771
812
873
830
902
805
841
865
880
840
737
819
938
821
882
817
883
834
749
699
693
816
797
720
704
688
680
681
741
739
711
715
723
692
656
682
727
761
763
780
814
796
899
843
715
703
709
777
904
915
818
927
821
895
940
820
831
764
774
845
859
932
786
798
851
847
813
761
875
775
774
801
767
813
825
749
777
769
734
750
806
780
812
742
958
966
919
895
748
783
892
750
818
834
801
857
920
1016
771
693
700
713
801
867
762
846
740
688
674
702
756
833
744
806
820
757
943
851
810
830
764
781
939
782
705
733
870
840
791
707
661
629
592
579
565
554
565
621
652
772
673
611
586
580
577
593
625
858
899
1076
1137
918
896
841
791
723
721
887
1025
1053
936
784
789
675
629
607
611
666
779
709
654
639
642
671
635
650
1095
1070
926
794
732
700
1071
1056
996
925
874
924
849
1001
979
837
897
879
862
946
986
816
896
912
821
819
811
810
893
879
818
833
775
736
735
784
768
963
855
787
827
778
742
727
750
696
724
764
703
759
812
749
782
763
714
770
673
671
770
731
702
738
688
671
686
721
689
767
775
719
731
730
685
708
686
662
673
688
663
776
813
779
816
746
664
646
633
607
621
664
628
606
615
629
653
742
688
747
679
664
670
663
640
648
746
688
741
702
700
731
727
707
761
749
678
673
655
631
680
714
709
729
733
782
740
738
688
701
714
688
722
690
669
752
807
810
846
802
717
671
655
713
725
766
726
753
726
752
753
745
722
742
700
708
768
712
775
789
715
718
698
688
748
720
696
717
687
681
755
725
695
744
853
719
707
675
634
663
838
907
828
751
745
699
700
760
828
769
781
719
765
712
698
776
713
752
879
798
802
788
710
659
637
608
614
696
672
775
712
727
743
713
722
794
707
723
782
743
759
716
679
689
717
729
786
747
766
880
801
818
729
689
699
859
737
872
907
788
889
902
771
716
675
685
801
938
810
804
859
846
861
748
717
781
755
782
801
768
840
819
744
724
663
729
756
784
832
842
779
764
684
684
728
685
731
710
682
770
771
750
825
795
748
719
742
788
760
684
704
705
676
683
671
677
758
714
729
739
673
664
706
696
644
696
727
668
694
723
679
748
862
719
689
850
719
770
786
732
861
911
729
683
674
655
725
725
686
685
869
747
728
727
770
802
848
862
810
776
733
786
798
770
714
802
800
894
911
865
832
757
745
826
817
899
1009
843
898
806
756
707
703
715
724
684
658
701
665
690
674
684
838
724
820
860
761
744
704
718
749
730
682
725
773
768
776
737
707
817
730
774
828
700
789
789
755
786
865
793
811
785
883
760
771
786
726
787
796
718
863
924
954
919
840
787
717
747
693
670
688
783
879
1008
775
686
693
700
719
789
818
734
697
720
953
768
774
729
744
875
947
902
965
808
757
727
740
876
874
864
1085
967
868
917
797
891
752
768
818
794
885
950
822
854
901
870
943
944
909
961
882
771
848
1065
818
854
873
894
1017
901
911
839
832
854
796
856
848
854
960
849
855
861
822
854
819
810
908
840
834
852
853
928
927
903
950
899
900
895
829
801
741
766
847
766
833
799
771
889
822
821
830
743
771
857
780
792
745
699
753
799
747
799
817
777
822
850
781
854
818
783
769
706
687
631
639
690
715
766
685
738
717
684
759
814
740
818
777
704
826
775
733
796
752
708
719
708
647
614
603
634
759
677
655
635
621
645
709
664
743
731
685
697
679
658
638
659
690
759
757
683
669
659
644
680
979
790
757
813
712
715
706
759
814
767
725
771
908
748
665
646
663
678
764
715
674
704
705
681
748
729
679
704
760
686
678
701
663
659
668
666
709
745
666
678
757
693
726
680
686
778
759
738
865
888
874
818
823
787
882
858
735
680
766
835
780
781
732
722
770
797
929
806
891
867
738
707
701
682
817
999
890
943
765
700
705
717
778
946
878
1059
928
809
729
671
874
992
969
901
740
718
687
646
670
793
773
775
1063
818
797
927
783
886
777
714
787
815
828
991
863
850
890
820
921
858
771
864
877
774
1042
940
834
858
786
895
829
776
919
930
799
814
719
748
836
753
827
783
715
688
702
752
736
828
807
775
802
784
765
830
755
733
832
797
738
774
729
819
801
752
766
784
704
754
809
761
831
870
756
765
734
688
729
715
736
812
878
778
867
752
716
790
827
819
894
841
971
816
788
738
712
807
787
757
1014
924
817
936
815
849
822
801
874
885
809
965
937
841
853
778
813
821
778
930
808
766
850
821
849
849
785
811
773
750
825
771
776
775
739
783
785
722
900
830
779
963
829
967
897
836
1009
911
837
882
790
843
891
824
866
853
1005
900
820
847
844
835
960
913
947
826
723
693
702
772
913
867
796
889
771
798
770
749
921
891
806
843
749
726
771
733
715
695
888
754
818
917
771
805
746
693
688
675
658
724
700
657
646
620
701
691
808
800
732
743
719
711
750
830
683
702
704
656
721
955
785
774
788
742
734
737
759
772
721
695
792
674
661
777
760
680
706
776
679
709
753
697
857
751
685
707
733
712
794
756
694
785
688
694
713
714
721
810
788
715
752
852
713
690
740
673
674
682
689
917
923
826
796
681
655
747
760
719
735
776
718
891
812
729
804
770
732
881
871
738
742
770
692
758
894
795
792
741
707
741
791
748
833
836
758
746
758
717
816
776
733
787
750
725
806
802
760
762
685
646
667
763
721
783
855
776
777
775
727
769
756
733
852
790
768
796
802
722
739
722
871
996
903
891
834
837
961
809
855
883
734
837
959
924
975
817
854
813
795
873
757
753
968
832
920
879
927
887
782
820
929
865
966
798
763
801
786
1082
963
880
920
863
953
872
965
922
867
856
813
845
778
857
771
699
778
1045
842
915
819
853
908
851
863
864
836
910
814
778
746
701
665
734
813
740
832
781
725
763
733
701
751
769
787
877
757
695
652
674
745
923
824
799
774
742
877
1000
858
794
801
826
819
773
867
878
778
896
876
737
719
674
717
679
727
791
719
682
696
722
678
721
734
701
879
863
743
722
811
757
870
875
787
750
696
742
757
714
804
815
759
812
821
798
955
842
789
790
730
765
823
874
908
750
739
745
745
892
917
870
881
789
800
809
762
784
785
754
802
755
693
670
651
802
770
863
835
815
804
729
697
738
753
746
839
802
868
800
724
786
780
744
886
909
831
816
802
714
783
791
734
780
922
803
785
711
680
744
830
738
773
737
798
774
724
803
868
810
874
900
821
859
949
769
750
724
687
774
898
793
937
835
803
934
801
857
788
701
715
855
810
927
879
796
883
768
698
751
853
774
917
970
978
986
768
778
813
791
877
827
744
781
725
838
777
857
912
809
960
828
773
773
739
813
839
810
801
784
729
840
908
832
940
828
791
909
939
822
831
758
713
786
832
948
967
853
879
809
725
764
815
778
861
815
757
834
865
844
854
752
883
896
770
766
835
773
755
793
747
888
837
785
854
779
833
891
792
868
779
747
844
851
827
867
914
969
957
864
884
785
802
792
743
806
776
834
915
771
856
878
813
882
814
853
813
757
834
782
778
850
745
815
783
736
772
753
696
666
693
669
758
812
729
701
660
699
804
729
677
769
781
736
993
878
809
849
844
823
893
844
963
853
753
724
683
776
852
760
938
893
1006
873
842
924
821
895
832
813
887
801
810
766
832
1028
919
896
819
931
806
859
833
811
931
807
1037
896
783
917
837
812
969
947
886
779
811
799
801
910
807
927
942
926
892
805
777
722
797
907
819
841
746
820
896
885
1020
820
775
801
716
730
883
822
955
876
771
790
787
859
864
797
816
761
1021
1100
945
892
814
894
838
866
1026
975
925
911
782
1053
1003
870
887
941
1210
1039
931
923
828
950
878
984
861
813
860
830
1031
913
944
876
842
908
843
836
891
892
961
944
850
819
761
831
917
924
890
840
895
825
892
818
811
816
771
857
883
839
895
833
798
819
819
894
826
772
892
817
817
795
772
816
809
762
960
835
937
906
863
1050
1049
1009
995
864
735
668
655
954
798
834
786
751
893
776
841
849
775
827
847
813
837
803
828
904
959
927
934
833
826
841
809
972
901
801
1018
934
918
981
915
880
815
1006
999
930
909
817
853
775
844
895
823
896
888
867
876
797
801
768
754
850
826
809
827
846
998
914
813
813
725
743
724
757
813
787
742
783
736
729
702
791
768
912
844
764
801
731
738
761
722
798
794
759
901
803
739
741
724
747
775
729
715
794
911
794
797
751
769
838
771
788
778
767
835
931
803
847
829
804
982
799
813
816
765
940
822
902
932
845
878
797
813
813
778
841
780
865
803
813
886
829
793
753
717
771
759
885
825
800
824
788
918
798
715
720
918
906
972
845
820
965
845
895
815
764
988
870
944
973
809
923
899
947
1047
858
992
879
923
952
825
863
794
869
930
949
862
829
1053
920
952
729
659
645
805
823
801
782
761
728
668
637
611
592
577
562
552
536
523
513
509
502
501
493
518
689
866
585
646
800
842
1138
617
742
1132
1149
1121
1084
1146
1035
1142
1144
1147
1169
1184
1147
1136
1149
1030
1236
1245
1275
1180
1202
1112
1157
1221
1118
1159
1178
1136
1198
1244
1236
1186
1173
1252
1225
1193
1236
1195
1226
1260
1212
1244
1161
1201
1215
1159
1148
1163
1202
1163
1170
1164
1233
1131
1176
908
824
1184
1255
884
982
1197
1177
1144
1112
996
1207
1101
973
1003
974
834
1124
1191
1103
914
816
776
1078
999
1093
1184
895
818
729
722
727
660
640
648
712
771
862
866
931
969
992
899
808
831
767
709
694
750
710
710
742
714
689
648
648
661
655
666
675
660
771
743
713
712
730
687
659
654
668
720
726
778
774
743
840
847
774
725
681
681
791
928
906
904
804
941
1058
965
777
730
761
870
878
1047
999