585
712
730
711
673
673
668
662
633
624
610
588
586
566
566
565
566
563
557
563
571
570
544
543
539
540
550
549
545
536
526
524
524
531
542
538
557
584
631
663
646
651
650
645
602
576
575
574
589
600
568
567
575
584
607
595
585
591
591
593
565
558
565
573
591
601
575
585
591
601
607
585
604
603
598
566
561
562
561
555
562
571
577
578
555
558
555
548
556
570
581
551
538
529
529
532
547
559
577
573
572
593
602
613
620
615
602
589
575
563
560
559
563
551
571
581
611
604
613
625
637
619
589
593
587
588
588
570
575
582
584
589
587
571
583
585
589
568
575
574
571
563
551
551
551
553
546
521
525
522
515
521
511
520
523
530
554
557
589
571
575
542
539
536
534
532
520
523
526
532
548
544
552
573
602
615
586
579
578
563
556
536
528
519
508
498
502
500
503
511
522
531
536
531
526
531
536
542
545
542
562
584
621
587
610
625
633
594
614
614
617
586
604
596
581
552
551
559
574
607
606
638
646
642
595
594
585
582
560
574
573
574
563
584
590
593
581
596
598
594
570
551
545
535
530
533
536
546
542
541
545
537
525
530
550
561
552
566
576
578
560
570
565
559
548
534
529
531
530
528
541
559
595
646
639
617
636
626
604
578
581
578
564
558
577
586
610
598
611
633
646
619
598
609
599
586
572
589
599
601
590
607
612
612
566
546
534
536
540
548
579
621
677
683
651
655
647
644
633
606
600
605
614
631
624
630
658
676
677
641
654
653
659
634
606
589
557
549
539
534
537
528
536
563
626
753
732
702
717
706
692
661
656
640
644
616
604
609
614
612
587
607
610
619
606
596
609
615
621
595
614
615
618
594
579
584
595
592
573
578
590
601
594
585
597
605
595
575
581
588
598
587
606
628
634
624
595
604
604
608
589
591
606
604
595
585
598
600
604
585
589
602
602
587
589
604
614
600
605
611
609
591
596
602
610
597
606
610
611
592
591
601
603
598
583
588
590
565
571
573
583
579
565
575
580
581
569
584
593
602
585
603
601
606
605
576
585
589
598
597
587
604
613
631
623
600
611
619
621
601
603
611
617
606
590
600
603
607
594
601
615
624
623
598
603
607
613
609
600
619
620
624
600
603
602
609
604
585
593
599
602
597
594
611
617
625
609
599
591
582
577
552
550
553
557
566
560
577
590
587
587
588
599
596
588
597
598
604
588
575
576
576
567
559
563
552
540
535
541
555
553
568
579
587
585
563
569
570
578
563
568
579
586
581
575
581
585
580
562
570
581
591
596
585
604
607
615
615
583
588
584
584
579
566
572
580
585
587
580
565
575
575
578
563
577
582
587
568
574
585
584
570
571
576
576
565
572
579
579
570
566
576
580
571
572
584
592
583
600
617
615
585
575
584
586
587
574
586
585
595
600
566
551
540
532
534
545
559
574
584
598
601
594
568
575
578
582
589
595
590
609
618
630
630
612
617
621
620
619
589
567
563
570
565
581
595
608
607
595
618
627
640
629
604
614
616
615
609
579
583
580
589
602
605
608
634
643
635
605
629
630
639
607
602
610
613
611
591
603
612
624
608
610
621
623
615
596
611
615
618
595
617
618
619
595
604
608
609
583
595
595
591
573
588
595
607
615
603
625
629
630
605
604
596
583
556
560
560
567
586
588
601
626
638
659
628
648
646
634
640
633
609
567
567
563
560
556
555
575
604
629
602
630
642
657
640
642
655
663
613
619
613
605
577
593
598
605
590
610
620
627
601
625
624
608
588
597
594
589
568
584
591
579
563
571
569
575
552
555
549
542
533
528
532
537
548
565
559
571
592
604
615
595
601
608
611
599
587
596
583
572
562
575
583
601
591
600
622
634
627
602
609
611
595
572
581
565
553
555
562
557
570
580
596
595
577
588
590
601
584
585
598
609
624
605
610
625
633
633
604
604
605
618
628
612
616
627
630
630
607
622
632
637
615
615
623
623
607
579
588
591
602
586
577
590
599
608
591
603
609
604
587
600
602
601
587
596
597
586
576
583
588
580
578
595
604
593
589
596
601
577
556
548
537
533
539
542
544
545
531
522
521
515
521
530
528
539
538
528
523
524
532
524
520
524
534
542
560
576
564
570
586
600
608
607
563
567
568
572
568
560
574
585
587
572
591
594
593
567
577
575
574
558
571
585
603
599
603
614
617
596
590
589
595
596
575
587
587
591
572
584
591
600
585
599
600
593
562
563
568
578
603
586
609
592
584
551
531
522
519
515
517
536
589
668
716
741
743
730
704
689
670
662
665
674
663
654
607
618
618
634
652
637
654
654
629
602
618
622
626
625
573
569
575
590
604
615
585
604
611
622
631
614
599
612
619
630
623
594
605
611
622
632
605
617
630
636
611
588
593
597
591
571
580
588
599
590
604
616
623
596
605
612
613
564
565
565
569
579
557
563
570
579
595
584
586
607
629
646
640
630
644
645
642
614
631
629
633
606
617
625
624
614
606
625
630
635
615
620
631
623
611
597
616
625
638
616
610
626
625
626
597
593
605
613
620
601
628
646
660
651
617
629
626
627
605
590
603
605
612
603
586
598
609
620
625
598
611
618
624
602
596
616
619
632
600
606
624
629
610
596
603
597
605
574
576
584
600
593
582
601
611
629
607
621
637
632
604
590
604
604
614
590
614
620
631
608
604
620
631
631
604
622
629
639
621
631
642
640
612
611
621
617
602
573
580
585
596
598
595
608
626
624
595
608
608
603
568
572
562
549
543
541
526
536
541
554
559
543
548
550
553
542
530
536
541
552
564
550
564
574
582
572
559
568
571
580
566
563
575
583
585
573
593
596
591
588
600
605
591
591
603
603
582
589
591
594
574
573
580
590
587
577
592
599
607
596
580
592
608
623
644
604
617
613
605
576
584
587
592
572
576
589
601
591
591
606
611
607
587
594
595
579
575
588
598
580
590
596
599
580
596
601
611
598
608
622
625
620
613
635
643
640
614
627
628
635
604
605
608
615
599
609
620
635
633
614
627
629
603
618
619
624
591
582
593
604
618
587
593
599
612
602
592
603
614
600
589
609
603
598
568
572
576
583
574
576
590
600
582
563
570
584
602
591
617
628
638
598
597
595
600
603
588
591
604
608
609
584
593
592
585
567
574
574
580
587
564
560
568
587
609
594
599
610
611
593
584
597
595
581
576
576
583
584
571
566
574
582
576
574
589
590
573
575
588
599
608
586
601
601
599
589
581
596
602
612
593
602
596
596
575
583
594
607
596
582
591
599
604
584
594
593
591
574
591
604
600
580
593
597
601
567
575
588
597
593
594
604
603
595
586
587
587
572
570
582
590
597
585
592
565
552
548
548
538
545
551
553
535
523
516
521
523
532
549
576
611
625
615
623
611
582
561
552
549
547
534
538
542
544
549
539
550
558
566
580
584
599
607
601
595
590
590
586
587
564
576
580
593
593
566
580
580
581
567
577
592
593
582
565
550
542
533
527
533
534
537
524
534
541
549
558
555
575
583
591
571
553
551
536
535
537
538
535
526
537
542
556
549
575
601
643
617
582
583
572
563
550
546
549
557
555
548
556
560
566
566
555
562
559
565
588
584
581
580
573
563
565
564
548
533
524
524
525
538
582
649
685
666
688
690
693
674
616
614
603
599
580
569
582
590
601
614
595
604
611
604
578
588
588
590
588
580
593
598
607
597
578
584
592
604
616
599
617
618
615
598
591
600
596
581
571
575
578
578
565
557
567
576
579
556
555
560
570
578
555
562
571
588
602
594
608
616
628
636
616
627
627
629
616
579
587
587
597
604
595
609
624
635
626
613
616
616
621
609
572
578
574
579
581
585
562
563
575
585
604
605
611
634
636
627
593
603
601
605
603
587
598
607
618
632
606
620
628
630
622
606
616
615
614
593
614
620
628
640
604
625
631
643
621
620
632
633
631
609
628
630
640
615
604
617
622
620
600
627
633
628
601
608
615
618
611
601
611
618
618
595
608
610
623
604
588
595
608
638
682
656
623
630
628
638
622
608
626
633
637
611
615
625
631
624
623
643
650
639
611
632
628
635
613
628
644
649
636
625
651
664
647
620
630
642
634
619
630
643
634
620
581
587
587
599
604
586
608
629
655
619
610
610
611
585
566
570
565
563
558
540
544
541
533
529
533
540
531
542
547
552
545
540
549
555
557
542
552
565
576
578
586
604
607
607
596
609
616
623
608
604
604
603
589
581
592
604
585
601
610
617
604
626
634
636
601
612
618
623
608
597
620
631
631
604
620
628
634
601
617
620
621
598
604
610
593
568
585
590
612
627
580
587
592
604
610
596
592
600
594
570
572
589
597
587
588
605
610
620
594
598
608
616
620
590
604
607
614
603
604
616
623
603
593
602
607
601
582
599
596
592
584
602
609
603
585
599
605
603
600
609
609
602
604
611
616
603
607
625
628
618
607
619
629
613
566
563
574
570
574
569
543
533
525
528
530
534
545
554
563
567
576
575
572
570
564
559
553
553
551
553
554
541
554
563
574
598
602
644
666
692
669
665
650
646
613
600
597
596
581
581
589
596
591
608
607
592
576
581
564
552
551
554
541
548
557
566
575
562
581
587
594
567
567
574
576
578
572
584
593
594
562
554
552
534
536
541
545
543
549
535
536
545
551
572
597
612
617
589
591
593
595
589
574
582
585
587
580
594
593
605
603
598
611
609
604
591
606
607
604
588
602
601
580
594
600
604
591
577
586
583
572
569
582
587
572
590
597
614
615
599
606
597
586
579
583
582
582
570
583
587
603
591
609
610
605
598
606
607
594
600
604
613
599
600
598
599
575
577
584
595
614
607
635
637
642
632
614
623
624
632
604
616
615
611
603
578
596
598
606
575
584
598
607
598
583
599
599
583
576
582
588
595
576
582
586
589
575
587
599
608
622
637
643
648
618
618
622
624
611
614
627
638
646
631
646
646
646
612
611
608
610
592
604
614
623
599
603
611
611
586
592
604
590
576
591
599
598
598
611
614
589
600
604
608
588
591
598
605
595
608
621
623
595
604
603
604
589
605
615
609
599
617
618
616
594
606
605
604
586
599
600
596
579
595
600
606
582
597
606
590
569
574
577
573
556
563
565
572
563
574
586
609
620
603
625
632
639
601
607
598
589
569
580
588
591
571
592
601
601
591
612
619
606
600
608
604
573
573
576
581
580
577
591
604
605
582
575
575
580
578
551
536
538
540
548
571
605
640
668
690
678
635
610
602
588
565
566
569
577
584
590
604
615
604
583
598
598
597
574
583
589
593
576
577
584
597
620
640
632
625
639
643
641
626
613
627
641
644
637
612
633
639
644
627
612
617
622
618
597
608
604
609
604
587
604
610
623
611
609
622
621
617
588
601
607
613
606
603
626
626
638
603
607
609
621
623
604
619
628
645
621
614
623
626
628
604
615
618
620
617
592
604
616
635
632
616
632
634
640
616
626
625
630
604
610
616
616
604
601
611
614
611
576
581
569
557
554
564
566
552
565
569
572
545
547
553
556
563
561
554
567
579
589
590
574
585
594
610
613
598
610
609
615
586
589
590
592
575
573
581
569
574
590
607
624
616
583
590
596
608
594
559
552
553
555
564
587
574
586
591
602
632
599
587
603
612
618
593
593
595
594
570
553
550
549
557
573
609
626
579
573
589
597
604
573
579
593
609
635
618
626
631
632
631
587
591
592
591
581
582
595
595
593
585
592
593
590
576
589
595
608
597
593
602
591
585
562
551
548
542
535
542
548
557
564
555
571
583
600
607
604
624
620
600
587
596
590
563
548
549
551
532
536
545
552
560
547
542
562
574
576
600
608
602
602
613
619
613
574
582
581
585
589
568
563
574
584
606
601
625
634
649
639
612
621
622
626
596
608
611
628
603
619
632
628
598
609
610
612
594
602
613
614
592
599
600
611
599
592
600
610
604
580
594
597
594
594
605
614
596
595
606
610
594
580
589
595
589
579
594
595
594
590
589
585
575
557
554
560
567
574
562
573
583
590
571
578
587
602
601
585
600
604
612
590
591
592
604
605
596
614
622
631
607
612
602
596
572
580
584
568
545
537
550
576
599
641
669
671
648
619
583
587
585
584
567
573
583
596
609
614
621
627
633
639
615
624
621
620
579
584
586
593
603
617
635
638
618
626
623
622
627
627
609
620
623
622
623
581
587
595
607
624
602
622
628
626
604
620
634
642
617
614
620
625
630
603
614
631
644
651
615
630
622
625
594
599
603
605
584
578
593
598
607
584
595
597
598
580
597
599
599
580
596
587
586
572
586
587
592
583
608
621
661
607
599
586
581
562
555
551
545
540
527
533
516
513
511
509
509
521
531
542
530
534
545
558
566
580
588
583
603
602
601
608
587
586
592
588
590
572
594
617
638
661
637
636
627
630
601
603
607
605
595
585
600
614
614
586
595
605
620
610
612
623
610
634
644
645
604
577
574
564
562
547
555
569
587
611
634
626
639
625
612
613
581
586
594
595
581
575
589
598
602
596
607
607
604
589
601
599
603
592
589
604
617
621
594
611
616
621
627
593
608
606
592
582
596
597
596
579
605
617
630
606
594
594
592
578
565
575
573
580
575
594
605
604
591
607
601
584
576
583
588
584
574
585
586
562
560
560
549
540
544
557
542
556
566
577
596
579
572
580
581
574
563
575
576
581
569
587
590
602
594
592
606
614
612
589
604
606
614
604
616
618
629
617
609
623
632
617
604
613
621
622
586
594
597
599
577
588
596
602
592
607
621
631
602
601
609
617
612
589
602
603
598
580
593
596
603
594
610
622
632
605
614
619
617
603
592
596
592
586
577
590
594
599
580
585
589
587
571
575
581
586
573
569
565
566
563
544
535
530
524
524
529
534
542
533
536
543
551
564
559
563
574
583
569
570
571
581
587
593
583
559
568
568
569
536
527
523
529
532
550
570
609
646
666
675
684
677
657
613
605
599
595
601
614
617
599
568
578
590
616
647
657
654
656
648
628
578
576
574
574
575
549
550
561
590
649
707
731
723
715
697
677
661
628
602
568
571
569
575
571
587
615
664
680
650
672
665
646
606
610
604
609
594
598
604
609
600
611
616
624
604
626
623
624
613
591
600
608
614
601
612
611
616
604
616
629
631
598
574
575
576
588
601
604
623
635
652
619
632
624
610
590
595
595
585
590
600
609
586
601
606
626
603
575
568
581
598
601
585
549
548
543
536
534
537
543
535
544
553
560
571
580
589
573
562
567
571
563
542
546
546
553
561
550
562
579
582
575
595
608
613
593
591
601
611
604
577
591
613
638
658
635
646
660
640
641
648
639
634
645
636
623
590
597
590
586
583
580
566
565
591
612
657
705
712
678
676
685
678
652
624
636
636
631
602
615
640
672
631
640
646
633
593
579
579
573
570
586
604
620
612
610
621
630
638
646
625
596
602
607
617
616
603
621
619
628
588
592
593
597
595
575
591
604
620
619
606
624
636
660
646
629
651
656
650
618
639
645
651
625
634
634
612
634
605
586
597
615
644
649
622
647
646
651
622
629
639
647
642
616
644
663
674
658
663
673
666
634
600
614
621
639
641
640
680
693
695
670
680
683
677
636
643
643
647
629
639
664
641
672
688
679
644
668
683
690
647
673
678
678
629
633
652
652
633
630
651
668
650
634
669
682
670
631
649
650
660
632
649
664
664
635
645
657
657
629
650
663
664
638
631
629
624
605
575
585
594
614
635
621
631
642
661
638
648
654
646
626
636
619
580
572
555
541
536
545
564
577
604
621
586
572
580
595
578
595
604
607
602
581
589
597
598
601
588
601
614
627
615
617
636
642
633
649
636
613
604
603
607
624
604
594
604
604
612
607
577
558
566
554
552
564
564
551
545
543
539
528
523
515
517
506
512
518
514
501
508
517
539
630
630
604
578
561
566
557
545
538
541
550
568
567
540
545
552
563
590
592
564
562
568
576
587
572
560
564
583
570
549
545
550
536
524
530
555
578
603
581
593
608
623
647
612
620
625
622
601
574
569
574
577
608
641
662
619
620
644
657
662
628
628
613
610
596
574
587
596
607
588
618
645
664
641
653
655
664
623
598
617
613
641
607
628
704
781
798
727
716
724
699
678
632
652
656
680
640
683
698
719
701
678
706
717
718
664
691
715
725
674
620
600
613
632
673
703
695
696
718
718
713
673
688
692
707
702
673
700
710
723
703
707
713
703
630
602
582
603
629
654
687
647
687
706
695
637
656
662
654
624
647
654
668
639
667
682
684
653
660
678
677
643
639
655
667
682
674
688
706
715
684
674
675
670
660
634
652
661
662
625
665
673
669
638
666
672
676
632
626
623
631
601
604
634
635
626
621
656
697
735
711
683
705
712
721
669
673
682
684
681
649
696
702
722
670
710
726
737
688
703
708
714
684
678
695
709
677
654
675
686
701
677
677
716
723
707
672
687
704
713
677
682
688
692
641
638
655
677
687
650
664
675
691
686
680
694
695
667
663
682
685
675
648
680
681
693
649
668
687
700
674
694
709
705
662
691
697
711
652
670
669
686
652
671
688
704
666
651
680
692
697
653
674
686
694
657
646
666
683
703
664
688
707
710
669
677
674
673
638
653
664
613
590
586
629
661
688
724
686
647
667
673
671
628
598
587
582
559
563
563
567
582
580
588
609
615
621
612
636
645
640
618
636
643
656
628
629
637
647
649
623
637
644
646
626
634
640
646
622
630
645
645
621
621
627
631
604
581
578
581
594
584
572
584
578
593
577
575
586
567
577
589
603
613
620
595
607
611
606
586
592
604
612
619
591
600
600
608
631
623
609
643
672
710
726
663
688
685
689
700
656
642
671
678
712
703
680
729
739
732
681
704
700
715
664
660
683
692
718
656
645
668
677
693
680
672
697
706
710
666
694
688
667
651
676
690
696
668
691
680
659
643
668
682
674
637
667
675
682
631
648
640
654
646
631
651
661
659
622
648
642
659
653
639
665
681
690
653
678
686
660
639
661
662
634
644
661
659
616
620
626
639
620
630
643
651
618
635
642
646
612
618
632
636
617
630
635
646
620
633
627
621
592
604
608
604
589
609
617
614
596
613
620
622
604
624
621
604
604
613
610
600
620
638
640
609
642
655
657
622
632
632
623
585
588
595
597
580
580
604
612
608
594
619
612
602
571
559
557
558
567
562
554
563
591
626
629
612
626
625
630
598
569
563
568
575
602
624
633
670
726
744
743
690
708
709
714
672
674
688
698
710
679
683
701
698
666
672
681
691
639
607
617
627
653
652
635
660
665
627
646
646
636
607
624
640
656
635
688
714
712
673
703
700
655
662
663
663
617
624
640
708
727
730
775
786
740
754
754
745
689
701
715
729
682
633
598
585
608
635
671
712
725
683
687
681
685
675
632
642
648
654
681
674
676
699
711
703
659
678
678
676
651
664
682
688
664
657
688
693
707
668
681
688
706
721
665
671
673
673
637
645
651
656
629
639
652
657
656
630
646
654
640
628
652
675
668
670
705
655
677
694
697
677
665
700
723
695
729
767
778
697
710
721
663
680
696
702
650
646
645
644
615
635
643
642
625
642
640
621
602
604
598
584
573
574
577
566
581
595
615
616
587
600
607
616
617
611
627
633
630
604
614
616
611
597
611
618
629
627
619
638
646
650
613
625
627
626
613
636
640
638
605
621
628
638
617
658
670
675
660
612
614
604
581
565
550
546
537
530
525
527
528
537
555
589
576
579
580
602
604
606
594
574
573
583
602
624
636
639
635
634
588
571
572
584
630
709
759
769
769
754
734
643
605
591
586
588
614
652
669
642
629
643
649
655
661
623
624
603
579
569
574
583
562
583
594
604
569
650
635
639
594
573
577
586
588
593
574
563
562
568
576
588
595
583
579
607
630
662
698
677
650
670
686
694
707
712
670
661
660
664
687
708
694
675
705
717
679
652
663
661
666
648
619
624
619
621
597
603
610
624
612
614
646
649
643
639
657
660
651
617
631
641
637
601
619
625
615
591
602
584
597
605
605
577
564
555
544
530
530
526
521
521
540
589
652
691
702
666
665
685
703
712
719
706
698
695
695
664
620
648
660
673
655
663
690
693
675
661
676
669
636
647
652
657
649
613
629
631
647
617
598
604
601
602
611
626
628
599
619
623
628
604
618
630
634
635
610
624
623
633
637
607
624
631
643
613
614
636
638
634
619
636
631
625
616
604
613
615
627
628
607
618
630
634
638
614
634
648
661
635
626
647
646
620
598
617
617
624
594
610
624
628
595
610
609
614
617
627
608
588
593
605
616
642
664
635
680
681
683
661
644
673
673
682
649
691
715
715
687
680
670
643
603
614
615
608
586
595
598
606
605
612
634
646
622
630
645
649
618
625
624
615
591
601
607
622
645
683
712
720
698
665
682
676
663
619
590
567
560
587
597
614
665
672
687
732
738
705
689
688
681
648
631
643
643
650
623
636
659
674
677
621
638
602
576
571
586
585
595
622
640
634
607
625
625
640
610
617
623
619
589
601
606
613
588
610
610
608
576
578
584
595
595
578
595
608
619
608
585
595
616
634
637
623
640
637
637
640
608
627
634
637
639
620
647
666
667
637
616
628
630
637
616
635
648
659
642
619
636
659
673
653
633
649
660
656
621
643
652
657
641
672
680
664
634
650
657
660
623
653
663
674
636
666
662
660
626
650
673
682
646
679
677
659
635
663
665
646
650
674
687
651
667
675
678
669
620
587
587
599
619
614
592
601
612
638
647
655
691
667
654
660
630
607
587
569
562
545
534
535
538
548
543
535
547
555
556
536
544
548
543
544
540
537
544
552
566
585
583
619
641
642
608
582
560
558
554
557
573
587
600
613
575
577
589
605
631
655
636
612
613
620
640
677
668
709
691
650
590
575
577
575
619
622
622
638
652
647
688
721
729
730
725
665
649
621
589
582
565
553
552
548
546
558
567
574
563
560
564
555
539
550
547
538
553
537
538
555
560
545
551
579
592
597
588
553
555
556
551
539
528
528
526
518
512
510
507
505
505
503
505
512
524
537
547
553
544
556
561
575
577
573
577
580
553
557
554
538
536
550
584
597
571
649
718
682
645
656
671
627
607
582
572
562
555
550
549
549
540
532
528
528
530
534
537
541
542
541
542
526
519
525
530
549
575
566
580
580
559
567
617
686
694
656
663
659
627
599
596
614
606
622
598
579
600
628
664
638
630
649
657
655
640
593
575
575
574
564
566
571
552
559
571
576
575
586
560
559
562
559
565
537
545
554
572
595
591
566
581
588
599
600
580
592
602
625
646
619
626
642
658
656
600
577
580
576
558
559
592
619
650
650
604
590
578
562
564
559
553
557
542
542
547
557
570
575
591
597
1209
587
563
555
557
564
571
561
561
592
616
636
626
617
585
561
563
562
564
579
568
583
581
581
579
579
591
600
597
596
604
598
619
667
658
636
641
635
624
646
614
604
591
560
552
554
557
579
618
658
691
715
724
713
728
729
726
717
699
691
665
640
613
624
638
671
715
723
708
696
690
680
688
692
713
718
708
672
679
668
656
647
623
626
630
618
597
575
566
562
558
560
563
581
592
610
606
612
588
573
578
560
573
592
601
655
627
649
643
601
587
582
579
589
585
585
565
567
568
568
576
594
593
594
601
607
621
626
609
587
565
559
556
557
566
596
631
668
664
656
624
590
596
593
604
617
622
623
616
604
597
576
556
556
550
544
544
560
595
654
696
714
714
699
682
661
649
620
609
604
602
602
615
614
623
627
638
657
663
653
623
624
634
641
653
655
661
654
627
600
592
594
600
624
655
654
667
635
593
593
595
604
612
636
650
561
671
608
624
646
621
596
602
590
585
597
606
610
618
630
635
628
613
602
611
609
625
636
608
582
575
578
586
627
684
678
683
676
648
614
597
577
566
563
570
606
679
716
743
737
695
683
646
628
614
610
630
656
683
694
706
707
701
690
673
656
622
628
628
629
646
615
587
581
582
583
592
600
612
630
625
624
619
615
621
626
618
626
634
635
649
652
655
649
646
644
637
631
625
625
631
634
643
641
632
610
624
619
624
625
618
613
607
608
598
598
588
581
566
561
549
540
542
548
568
613
609
620
633
640
612
607
613
616
608
582
588
583
574
567
567
556
561
571
587
608
613
606
614
623
624
593
575
582
584
588
568
567
574
578
585
597
578
587
592
601
596
596
605
611
617
599
593
590
598
600
587
595
610
632
627
621
648
652
639
614
613
609
606
587
592
602
607
601
601
616
636
651
625
641
641
636
602
584
579
583
581
581
603
631
660
656
666
673
664
627
634
634
627
597
604
608
615
600
613
621
624
604
591
594
582
552
582
576
582
576
551
549
548
542
533
524
525
512
510
509
506
505
509
512
506
502
501
500
506
518
527
542
533
541
553
564
579
585
589
583
599
599
613
609
592
623
628
653
629
652
670
667
667
635
653
657
664
632
637
655
664
652
644
679
683
659
647
664
666
636
636
653
659
625
620
645
665
640
648
676
684
651
676
672
650
608
617
602
619
636
638
637
625
601
581
577
572
575
579
587
586
581
576
570
567
548
531
529
519
514
516
521
523
541
538
541
567
576
562
558
563
568
589
607
654
706
725
725
708
672
684
688
693
705
701
647
610
614
645
671
697
665
661
658
637
602
607
631
663
680
644
628
623
625
636
645
612
595
611
625
590
606
618
635
614
609
608
612
611
601
584
578
576
564
554
550
551
565
593
601
626
659
667
658
621
593
588
595
617
629
614
646
647
626
613
632
632
617
623
624
621
653
681
689
650
630
635
636
639
644
613
580
566
567
587
623
654
687
661
608
714
708
697
681
661
616
637
582
587
574
560
542
531
520
514
514
504
497
494
495
503
513
521
524
531
534
534
531
528
504
492
501
513
521
548
646
781
753
697
615
571
550
526
514
521
552
634
675
678
698
663
611
624
630
676
704
724
730
742
729
707
673
650
648
650
656
656
665
675
646
657
674
682
657
653
604
609
599
594
600
585
588
606
663
709
710
647
645
624
620
588
597
611
649
670
680
664
682
681
666
611
613
613
612
625
637
646
648
639
594
592
607
630
671
702
667
695
684
676
632
657
654
669
670
631
651
646
645
643
625
646
671
676
636
638
651
662
672
643
662
665
665
633
670
680
684
645
672
678
692
652
659
685
690
647
646
677
692
666
654
673
682
657
639
665
687
690
663
702
703
685
672
694
690
666
689
691
678
633
639
651
663
631
610
635
616
639
598
572
569
571
590
628
629
653
672
686
646
630
636
631
623
607
639
641
653
629
654
655
646
634
645
653
647
637
679
673
646
630
603
574
569
560
573
579
573
612
576
706
648
595
583
573
573
585
587
599
610
597
604
574
570
571
566
550
552
565
585
611
644
671
684
677
673
613
595
595
601
626
650
681
721
731
745
704
630
642
648
667
681
692
658
614
633
637
658
616
583
564
576
590
610
643
677
704
714
698
678
665
661
623
618
625
636
654
693
713
718
724
711
692
677
663
654
652
608
613
613
625
642
612
591
595
605
596
612
633
650
659
667
635
617
620
615
607
594
601
613
632
654
631
685
689
675
634
650
640
639
597
604
607
599
591
586
562
577
585
576
598
566
579
594
591
593
648
645
676
666
624
604
624
628
635
593
603
611
605
603
585
581
563
550
546
547
532
530
534
543
562
598
621
594
578
594
593
607
606
584
607
612
619
587
605
619
636
643
632
589
567
563
563
542
548
553
560
576
581
591
621
635
630
586
601
600
625
626
602
587
607
622
634
613
594
608
619
608
589
577
583
591
586
601
608
614
601
587
602
631
682
745
748
723
737
731
727
694
642
645
653
664
655
646
664
654
617
600
610
632
604
594
607
626
639
649
619
633
644
654
668
628
657
663
672
651
651
662
670
653
628
650
641
619
623
627
622
594
604
604
608
597
592
613
629
639
603
617
626
632
604
611
616
627
614
601
604
610
596
591
599
595
580
590
593
600
590
606
606
607
584
594
604
618
609
599
609
614
605
576
588
595
603
597
619
628
624
601
604
595
590
593
578
566
575
578
580
578
591
613
644
653
662
628
622
633
629
622
618
592
599
613
618
612
593
596
600
619
633
621
633
641
646
630
610
620
621
622
606
606
614
610
605
579
594
599
615
610
596
613
619
616
595
594
597
603
595
602
624
625
606
612
624
626
604
611
616
617
594
613
610
605
598
613
615
598
590
593
597
584
588
598
602
576
576
580
588
574
586
600
608
593
597
609
605
590
598
607
611
611
592
609
617
598
591
601
613
611
598
610
615
597
601
608
598
579
585
588
592
596
571
560
561
572
589
612
617
604
628
637
643
610
597
601
601
605
601
608
634
636
632
619
644
653
662
626
639
650
657
619
623
640
637
608
610
628
631
612
610
627
656
646
619
638
647
661
613
616
623
618
600
611
627
632
600
613
627
630
613
637
649
637
619
641
646
618
610
618
614
580
579
572
559
554
565
606
623
594
595
623
653
681
679
657
658
649
604
620
618
615
595
619
632
605
587
596
610
594
629
646
645
615
637
627
604
590
603
606
619
618
602
620
636
646
669
649
631
650
647
648
640
624
648
654
618
617
631
656
635
673
689
637
610
613
610
594
606
618
632
611
612
635
660
665
627
642
646
650
618
615
629
640
639
619
635
646
656
624
629
644
642
626
605
621
637
645
628
642
661
658
629
645
646
640
617
626
641
645
624
631
652
661
637
641
659
661
629
617
628
634
627
616
647
659
642
598
608
619
634
615
605
615
629
643
627
618
634
641
644
624
638
651
663
665
641
668
669
655
629
645
661
661
627
630
657
633
591
569
574
586
598
629
672
698
723
723
674
676
669
671
664
652
609
616
624
621
601
617
634
632
648
670
667
657
682
679
637
650
649
652
629
638
634
632
607
623
624
632
637
612
632
641
640
629
612
630
624
608
597
604
615
623
601
620
620
600
606
611
607
596
615
618
611
596
604
597
592
587
597
604
614
604
582
580
556
548
553
552
554
559
543
563
581
600
621
602
631
617
609
575
579
575
571
563
546
552
549
548
555
558
539
545
550
553
567
581
552
552
564
586
608
625
604
640
644
631
602
618
615
608
612
627
644
657
634
654
660
641
616
631
635
633
607
625
638
662
667
632
622
596
593
607
622
600
619
624
628
604
602
615
631
653
639
675
690
696
664
673
681
676
634
633
638
644
652
636
604
616
628
646
635
628
656
663
650
649
660
659
630
619
638
644
644
625
625
594
578
577
584
567
578
585
599
601
598
631
640
658
625
638
645
620
602
620
627
618
608
629
646
656
617
627
632
634
603
619
625
626
597
614
616
608
593
606
612
601
590
616
625
623
590
604
615
629
606
608
615
612
604
586
605
611
627
625
609
628
616
612
603
579
585
586
595
604
592
620
633
645
619
644
643
628
612
626
625
604
622
618
617
604
625
628
615
603
619
623
610
622
634
637
616
629
642
646
645
622
642
634
639
622
606
629
630
652
648
608
633
624
617
594
611
619
613
605
636
645
633
671
678
654
645
660
662
621
628
634
635
600
614
622
614
588
610
615
616
601
618
627
611
578
583
587
590
580
602
616
612
601
617
617
601
587
602
604
609
582
593
587
568
560
575
592
581
616
639
644
602
613
628
646
636
615
640
656
674
635
636
643
650
610
631
640
628
604
629
643
615
626
627
619
592
599
597
590
579
600
609
645
617
651
665
653
631
645
641
608
610
624
620
584
593
606
623
634
627
650
657
655
624
644
661
664
655
627
655
653
636
609
621
625
609
598
610
613
617
600
626
629
609
603
622
633
630
598
601
610
625
604
624
653
655
623
655
650
637
604
618
622
616
601
623
632
625
606
632
632
634
603
607
627
634
623
606
622
626
624
620
585
583
597
608
640
630
639
660
654
630
621
634
637
628
607
619
630
640
625
644
663
667
646
616
635
631
603
607
624
637
607
628
637
627
611
636
621
591
569
566
583
602
626
649
658
660
645
608
618
619
632
642
637
660
648
646
664
650
623
640
641
636
607
619
619
619
603
601
612
612
618
620
592
597
604
615
624
633
624
605
626
626
633
638
613
619
636
635
625
610
624
624
617
587
593
605
609
591
590
599
601
581
587
581
573
564
576
578
568
570
585
590
588
592
603
601
585
599
603
604
582
588
598
601
586
588
600
598
593
595
616
622
634
611
631
647
648
626
631
641
631
599
600
595
598
575
587
594
596
582
590
596
604
582
593
600
594
590
603
607
611
591
601
604
596
575
585
594
586
575
587
593
579
571
562
551
554
559
561
577
587
587
565
570
589
601
602
581
593
602
626
638
605
612
620
602
588
596
597
587
587
604
614
602
587
611
615
640
623
600
617
611
615
600
573
568
576
558
554
555
537
530
535
546
568
618
687
723
700
724
716
710
652
650
652
654
651
652
627
620
651
671
698
673
684
675
666
621
636
646
653
600
591
601
613
643
657
628
663
679
688
673
660
687
691
679
648
674
667
673
645
677
690
690
662
706
705
691
636
652
653
665
640
655
663
662
628
635
648
654
622
617
633
650
633
632
661
674
632
662
658
642
604
614
613
628
603
612
632
643
627
611
637
652
634
615
643
662
688
646
681
685
689
645
663
677
685
654
672
684
693
663
679
700
697
653
677
681
687
644
639
658
670
653
646
680
684
667
651
671
666
636
613
629
637
646
616
658
675
685
640
654
669
681
639
645
654
654
619
635
639
649
613
630
640
646
611
637
666
668
633
663
681
685
641
658
648
630
596
610
610
615
601
600
615
621
599
612
616
623
606
628
624
603
605
620
623
598
590
569
561
569
589
601
588
605
616
605
602
612
616
609
594
603
608
616
603
617
632
621
606
627
614
629
642
628
623
629
635
612
611
628
634
624
613
630
631
611
628
632
641
629
608
619
625
617
595
611
620
606
601
616
629
625
608
630
630
614
608
616
618
602
611
616
624
602
598
612
633
663
646
649
654
649
622
609
613
615
623
604
620
624
623
602
614
627
636
636
609
638
656
665
638
642
655
657
634
604
612
617
629
625
611
636
646
652
610
621
641
646
628
640
646
649
621
625
633
631
628
607
625
638
638
620
644
651
645
621
637
645
639
610
627
630
640
625
644
642
651
622
620
634
643
637
620
647
651
639
620
632
628
614
605
632
641
648
618
632
640
653
615
625
629
625
600
604
610
621
610
598
606
623
620
598
617
626
634
609
615
619
620
595
596
607
623
613
610
635
646
636
619
628
627
620
603
615
626
620
611
637
641
621
613
627
637
638
615
625
634
648
623
621
637
648
634
624
642
630
619
593
602
611
626
593
564
554
560
571
590
615
611
586
571
581
565
552
554
556
549
558
569
576
581
565
572
576
577
556
559
563
571
584
563
586
599
618
632
598
608
606
614
624
629
630
596
607
612
626
614
622
643
654
655
616
623
627
638
647
620
631
627
632
599
606
612
631
626
621
642
638
604
626
632
616
633
646
651
628
635
639
640
639
608
626
622
628
606
627
632
616
616
631
630
607
615
631
643
611
605
601
601
611
607
595
618
629
649
629
641
661
660
645
604
622
634
653
670
623
592
591
586
573
597
595
563
546
553
555
561
540
559
586
613
635
603
629
634
639
623
590
579
582
582
563
575
573
579
576
557
569
589
632
710
688
730
729
740
688
683
687
683
665
624
640
657
694
721
688
741
753
758
704
731
722
711
641
646
661
682
682
672
732
729
708
718
738
719
673
620
631
624
644
629
689
703
706
701
747
719
665
662
661
643
619
620
582
559
547
558
558
566
623
676
681
669
686
695
685
631
632
624
638
633
602
602
603
619
642
661
648
670
665
664
659
639
636
625
614
597
569
573
580
599
650
700
661
685
688
689
685
658
642
644
631
630
613
597
597
594
594
589
604
607
589
614
621
631
612
631
629
585
579
580
587
587
578
595
596
598
581
583
603
611
596
580
585
593
598
583
594
601
610
588
604
612
615
602
618
619
602
597
604
607
594
592
603
604
580
585
584
580
562
559
563
564
550
538
543
541
547
561
577
577
570
582
584
588
562
558
564
570
578
565
592
589
575
570
580
625
686
689
642
668
674
689
714
669
615
606
606
603
578
591
617
631
646
606
634
645
671
658
649
680
677
632
619
634
639
618
650
657
649
609
626
627
615
617
637
636
609
630
636
642
621
641
639
612
599
596
587
593
566
563
571
583
611
615
612
641
657
671
646
605
614
611
626
618
600
613
635
664
687
653
641
656
643
633
620
597
611
618
637
639
616
644
639
652
628
610
631
645
655
648
613
607
588
577
577
579
568
582
593
606
582
596
597
600
585
596
605
606
593
611
611
609
582
602
609
611
586
600
604
620
600
632
643
647
635
655
662
629
614
622
622
603
619
633
659
638
639
651
659
652
621
626
627
626
601
625
633
642
613
634
646
640
611
633
634
639
619
645
655
677
644
668
688
694
649
682
687
689
649
667
674
663
621
642
646
651
628
618
643
654
658
630
649
657
662
630
636
643
650
633
627
655
668
664
623
634
649
673
677
669
684
678
651
631
638
646
640
628
658
665
673
620
582
564
571
586
593
627
669
691
645
665
668
638
629
629
621
594
606
604
611
599
640
676
713
705
714
701
669
666
648
607
617
634
663
696
692
686
699
702
709
667
657
659
631
595
600
604
618
658
662
693
704
701
657
661
667
654
627
627
643
643
628
607
627
636
637
628
650
670
674
628
650
648
656
633
648
656
663
630
636
642
646
622
640
658
649
633
653
665
646
625
644
643
621
617
638
655
665
616
629
657
665
652
645
660
661
646
624
636
640
642
616
644
650
644
606
616
633
636
605
614
614
623
598
597
603
616
604
599
612
609
604
584
591
600
604
588
595
596
609
598
582
594
596
609
596
608
626
640
640
607
616
617
612
593
593
580
566
560
567
570
555
569
578
588
584
582
595
611
606
603
616
618
621
601
619
623
621
601
613
616
621
596
605
612
605
602
620
636
615
601
607
612
604
595
614
624
625
587
587
592
597
589
591
604
620
620
604
615
630
640
617
604
608
608
614
579
581
593
618
617
610
637
654
672
643
643
639
627
596
612
618
627
601
615
629
632
622
664
676
658
591
588
583
575
563
552
558
575
594
572
587
612
643
665
655
616
633
637
644
661
628
619
643
655
682
694
638
652
663
672
667
629
657
663
681
652
635
665
667
683
659
632
646
663
685
666
644
671
688
710
668
688
692
693
646
620
633
643
668
671
639
678
741
771
740
782
776
736
692
690
686
659
643
676
684
698
674
717
728
729
687
717
715
696
639
661
663
678
650
654
682
700
686
685
717
718
682
652
674
692
684
648
676
687
702
661
654
675
688
675
646
685
697
697
666
693
683
672
631
641
641
658
639
649
684
699
665
646
665
670
679
650
673
684
688
647
665
669
682
643
649
672
689
675
634
662
678
696
662
680
698
700
660
682
688
693
655
684
696
700
654
670
664
628
607
621
631
608
616
633
643
586
561
555
563
563
563
569
595
623
633
641
666
676
666
638
615
625
626
633
649
641
660
677
682
675
646
675
675
683
686
663
682
683
689
675
650
680
688
685
647
656
666
693
691
659
664
680
687
659
667
684
679
639
621
635
645
636
609
619
613
612
587
576
587
592
583
572
580
595
601
572
572
584
588
604
586
582
579
579
571
565
580
586
587
588
573
554
551
563
564
581
588
580
558
539
540
526
524
536
537
526
526
532
538
549
568
551
541
542
546
532
534
538
531
527
527
537
547
554
541
542
555
566
573
563
580
594
608
600
574
561
560
555
546
563
572
571
554
567
577
596
626
636
608
619
641
643
660
621
602
614
619
616
595
615
637
661
660
662
675
679
640
621
643
658
658
627
643
661
678
662
644
659
662
667
632
643
660
677
661
649
674
660
613
609
608
618
622
604
620
627
623
613
630
629
613
605
615
619
636
622
612
634
639
652
631
623
644
652
668
644
667
683
691
657
648
669
663
654
638
671
688
701
668
659
683
692
666
644
653
650
628
594
609
615
630
610
629
658
675
641
643
649
621
604
615
621
604
607
633
647
619
610
642
656
635
678
694
648
617
630
653
671
644
663
681
697
657
669
679
646
635
654
667
646
672
708
712
649
669
677
649
657
661
652
619
646
660
644
653
684
693
651
691
710
710
645
655
664
680
640
649
678
705
678
666
688
681
625
634
657
672
646
644
666
673
651
666
689
679
636
649
656
641
616
648
662
654
627
647
670
683
630
633
639
647
631
653
680
693
646
644
674
677
641
657
686
691
652
671
692
673
629
648
666
688
642
657
666
646
606
605
627
638
615
644
664
646
633
653
652
616
609
606
633
650
616
644
654
645
617
643
635
622
586
587
590
601
586
565
550
551
557
563
572
589
604
604
593
611
621
630
641
647
642
627
584
587
581
578
575
597
611
635
645
608
620
627
648
673
693
659
640
627
600
580
576
588
603
576
577
591
621
658
669
631
652
668
692
688
661
684
696
684
645
658
676
697
685
651
673
675
656
622
636
649
672
645
659
673
663
618
636
643
633
613
634
643
645
607
632
650
658
624
646
663
660
632
650
660
621
609
618
621
597
608
629
628
629
640
651
636
604
621
633
662
705
703
645
650
658
676
687
685
636
651
666
710
722
667
687
709
726
715
662
679
705
722
698
692
734
740
705
671
694
688
690
638
664
694
738
701
714
756
705
650
654
658
622
602
611
618
604
591
609
616
605
589
611
608
587
607
608
623
591
601
619
634
632
597
615
626
640
650
605
626
638
650
630
603
608
621
625
621
580
547
541
549
559
562
577
614
667
710
715
698
674
680
680
674
666
670
661
659
655
655
654
659
641
610
618
627
667
711
729
715
663
675
686
685
647
671
675
694
663
624
634
645
660
657
620
637
645
670
682
646
661
668
682
668
630
643
652
675
652
639
655
670
695
655
646
657
664
639
610
628
640
675
658
644
668
686
684
638
648
650
670
642
643
657
677
666
628
649
666
661
634
654
660
626
615
627
635
619
603
617
645
636
619
635
639
620
617
608
594
606
624
624
582
565
578
603
636
664
636
656
652
638
597
601
604
613
607
592
625
639
629
632
641
645
600
573
558
571
564
568
606
631
688
676
617
599
611
623
630
618
607
608
611
607
583
587
587
597
629
645
614
604
621
607
568
563
535
529
528
523
518
515
514
542
714
744
756
763
694
636
629
646
648
604
579
576
569
579
599
597
671
683
671
618
607
613
606
600
575
574
580
553
543
544
549
533
536
563
602
644
661
626
606
618
638
668
692
682
672
693
698
725
732
654
646
658
669
697
642
650
669
675
684
648
613
623
636
677
739
783
745
765
770
759
712
654
675
697
745
778
732
773
789
787
737
716
724
720
730
668
657
654
649
635
651
655
651
622
616
625
619
605
619
615
596
579
581
562
561
576
584
611
631
621
601
622
633
648
614
613
631
641
653
604
621
645
670
687
662
700
707
700
642
657
671
688
678
688
728
740
692
670
677
649
614
627
627
601
610
631
650
616
630
641
625
653
666
637
630
643
636
603
601
602
608
594
582
593
599
625
612
596
604
608
598
584
592
593
596
578
592
594
596
579
587
605
607
586
593
609
626
612
588
605
620
622
589
598
611
623
612
611
640
651
627
606
624
629
613
616
642
660
634
615
623
631
646
610
614
622
632
651
657
617
618
621
635
657
675
641
663
697
714
722
663
667
675
680
673
634
655
669
679
640
629
651
660
624
631
634
627
613
642
658
633
632
653
667
665
634
657
676
673
629
648
669
678
624
635
646
634
616
634
638
611
604
606
612
590
609
630
636
609
635
660
675
636
602
578
583
590
611
650
634
647
680
700
663
668
664
658
615
622
628
643
646
626
667
677
688
659
690
691
700
652
659
663
674
662
659
709
705
681
657
677
679
646
629
642
635
597
616
638
657
646
692
704
655
657
661
623
604
615
629
622
617
646
670
671
647
666
682
696
640
644
653
648
617
626
641
665
631
622
631
652
678
651
679
695
683
636
659
658
631
631
640
646
635
636
670
681
646
653
668
668
646
683
683
639
623
634
634
623
605
621
656
683
649
674
705
719
666
688
686
639
641
647
655
634
619
645
664
658
677
701
691
636
630
625
635
612
611
628
640
621
615
641
663
649
640
667
671
662
627
648
666
667
633
656
667
687
654
688
710
693
634
646
650
658
624
636
642
648
621
612
616
630
639
613
635
654
663
623
636
655
651
618
641
669
689
650
640
652
657
642
629
651
673
669
637
654
662
666
630
640
647
653
628
620
643
653
645
607
615
633
659
640
597
616
617
615
590
578
575
582
569
562
576
582
592
585
555
559
569
582
578
588
617
637
605
589
607
611
608
563
548
550
557
571
611
664
685
646
623
639
644
650
605
612
612
605
586
586
589
596
598
586
601
615
628
635
602
621
628
642
646
632
608
605
600
606
598
589
609
632
686
745
726
714
729
725
714
655
645
645
652
678
685
644
671
671
650
649
660
652
601
602
598
604
607
600
583
586
604
625
654
614
626
640
663
654
636
656
659
669
640
634
651
667
691
641
668
686
717
667
637
657
679
707
672
687
705
726
668
646
649
659
667
632
641
667
707
749
703
711
733
748
700
691
691
688
658
627
632
646
684
732
717
764
785
742
713
707
704
665
608
596
590
596
604
626
598
615
609
628
639
625
607
618
637
648
632
629
639
635
613
604
617
608
602
569
571
583
605
636
636
609
625
621
601
588
605
623
631
607
627
631
628
609
623
615
597
591
599
614
616
625
665
671
648
678
679
647
644
664
677
650
608
624
627
619
607
639
657
626
643
653
639
612
622
622
602
600
609
621
611
620
643
655
668
639
604
618
626
640
619
614
636
643
604
615
614
611
599
633
659
689
691
660
691
697
683
644
680
695
695
642
663
690
710
675
676
690
684
648
612
627
624
590
567
569
563
579
606
661
622
646
654
627
614
645
660
632
589
621
634
641
620
646
650
648
595
594
595
604
589
608
630
643
611
631
638
633
615
646
663
657
629
587
574
575
563
578
604
624
624
661
666
655
616
630
642
651
621
626
628
630
599
613
611
608
578
571
582
604
654
637
579
560
552
578
607
629
647
675
679
675
663
649
634
619
605
578
586
598
652
715
678
703
716
643
674
675
686
685
688
685
675
659
601
599
589
596
586
617
661
614
589
646
717
651
676
695
727
710
720
683
640
666
679
681
648
679
695
713
670
684
702
704
662
704
707
707
658
670
675
674
674
623
613
626
633
627
600
629
639
658
622
648
674
684
671
679
700
694
643
669
662
647
620
653
661
667
625
663
689
726
671
712
713
657
672
638
641
667
621
588
600
607
613
663
696
676
672
706
721
676
696
684
661
628
659
676
689
659
704
692
654
599
595
581
582
563
564
546
533
546
551
563
575
584
581
580
571
563
559
549
544
542
545
551
563
574
573
567
557
536
543
539
530
546
614
711
737
784
783
752
705
632
577
569
563
570
595
604
576
572
575
594
624
648
649
643
593
574
572
575
601
646
648
641
637
609
581
574
588
586
565
568
578
603
602
630
654
617
602
580
566
564
553
557
564
572
574
592
616
651
674
642
640
633
634
615
599
575
555
551
548
552
569
589
603
607
571
577
574
575
576
589
601
646
682
696
678
698
697
666
657
647
634
613
591
587
584
613
642
689
702
700
700
699
685
676
671
662
649
645
618
636
644
667
673
674
651
644
681
650
663
679
633
638
616
618
622
624
598
606
620
643
658
650
677
670
658
634
616
611
579
564
569
579
613
646
626
680
690
658
609
571
559
549
542
542
548
571
589
572
590
604
627
661
675
617
627
609
607
605
588
566
574
583
598
634
682
662
700
707
698
659
674
663
667
649
615
619
629
679
710
697
635
619
599
596
581
572
592
614
595
609
619
650
661
655
607
608
604
579
584
596
614
640
626
662
669
686
662
653
664
654
631
608
619
619
628
612
642
664
681
649
615
628
623
624
601
591
597
597
639
646
660
622
596
606
607
599
573
584
591
605
611
600
573
579
594
600
561
553
547
537
515
510
506
515
525
545
543
563
578
581
557
577
593
604
608
578
578
578
581
562
553
559
577
593
632
610
635
652
660
642
625
642
637
636
625
604
575
575
573
562
533
522
517
518
517
519
529
539
540
541
529
521
508
508
506
504
501
500
500
510
505
497
502
502
501
490
489
486
480
481
478
475
472
473
473
474
477
479
485
479
482
483
482
488
497
509
512
521
531
547
584
614
644
594
575
594
614
566
552
560
566
593
615
616
631
623
613
634
639
638
631
673
742
756
708
741
751
725
634
601
578
590
614
644
657
594
621
615
618
578
588
619
629
626
637
677
666
629
587
600
614
652
666
631
688
701
681
651
697
686
636
636
646
644
607
631
666
685
644
650
684
678
624
653
647
646
605
622
621
613
580
603
615
638
620
649
651
690
713
682
611
628
624
596
586
580
571
555
554
546
539
540
554
578
575
568
582
594
599
576
610
615
642
630
613
632
615
603
615
630
622
578
548
528
527
521
515
509
507
530
617
665
594
617
656
685
629
616
610
579
593
595
608
615
607
637
654
678
692
698
646
638
635
642
644
653
623
630
647
655
659
611
627
589
568
568
591
630
606
637
660
672
679
649
594
592
598
606
625
620
629
624
627
616
617
612
610
604
604
628
648
622
679
668
663
624
668
661
646
620
590
561
550
539
558
559
580
569
563
569
568
585
606
618
635
624
614
624
630
640
638
638
599
607
1225
599
593
583
557
561
558
556
577
596
616
648
674
683
629
627
627
624
641
646
664
672
684
676
670
654
613
613
630
643
688
723
737
733
676
681
674
675
651
621
622
643
680
711
667
685
649
589
562
552
549
554
584
645
647
688
688
700
663
673
669
645
578
569
562
556
545
563
572
561
538
531
529
521
516
512
519
544
571
544
577
642
698
737
697
680
646
628
647
662
662
652
627
648
674
697
645
619
611
607
601
604
603
569
559
566
564
551
548
547
553
566
575
567
596
611
621
624
608
591
600
606
624
644
666
682
653
632
604
564
564
565
604
665
723
763
770
741
729
699
630
638
643
669
737
742
692
706
699
674
646
599
570
561
554
549
532
535
551
586
612
581
585
587
585
594
583
553
550
555
562
573
560
546
551
561
576
563
552
557
563
574
578
567
544
545
559
567
553
561
566
565
572
574
562
542
541
541
536
549
556
569
564
546
559
563
573
584
560
575
579
589
576
576
585
580
556
537
522
521
514
509
506
505
524
559
580
553
566
588
602
641
642
622
607
583
557
542
537
533
523
530
542
576
653
718
705
718
714
684
630
647
649
664
628
595
595
619
645
667
628
654
660
668
625
637
639
642
623
617
626
638
648
630
656
660
650
617
623
606
564
556
586
585
583
583
636
648
626
685
665
661
595
610
605
593
600
609
607
569
570
585
574
583
593
606
618
660
613
659
671
657
638
611
588
575
569
573
555
568
574
580
634
663
640
686
685
668
630
597
563
553
547
542
546
549
557
558
554
550
543
538
534
529
525
523
520
521
526
540
561
578
599
606
613
616
618
610
600
593
575
557
552
554
552
538
540
545
563
573
579
580
579
569
560
555
544
536
517
515
514
518
546
610
647
676
690
699
693
666
632
601
561
540
534
537
570
625
634
628
611
602
592
581
578
567
554
566
601
668
704
694
690
673
607
590
585
593
598
595
595
590
585
566
562
559
574
580
621
688
716
700
706
650
597
579
560
575
581
613
651
653
662
651
638
624
602
582
585
580
576
554
536
532
537
551
578
636
644
670
672
665
668
677
648
619
615
618
613
624
619
616
612
607
580
569
568
571
575
578
580
577
570
544
531
527
522
522
549
605
690
713
737
745
716
643
627
631
545
729
648
651
648
632
639
630
608
584
591
604
644
644
706
712
691
686
656
604
571
562
570
586
619
688
723
693
654
609
582
565
555
544
561
556
558
379
741
543
532
548
549
547
545
546
538
525
530
530
532
535
539
555
565
582
594
602
595
576
580
583
596
603
620
646
681
669
695
688
651
637
628
629
614
596
577
562
555
539
559
541
540
545
550
575
597
623
638
633
613
600
593
576
564
570
577
594
616
614
666
673
658
694
675
675
666
633
635
606
583
579
585
605
635
667
664
630
666
659
651
636
624
603
578
578
570
559
576
586
611
641
635
635
644
646
646
620
636
642
646
615
603
583
595
591
588
595
567
563
572
592
620
651
671
681
691
678
668
664
632
600
579
567
567
571
590
607
619
613
605
607
605
589
574
573
567
569
583
590
600
575
547
547
543
551
564
603
634
618
568
551
550
550
561
579
594
604
585
576
585
551
536
534
528
521
521
514
529
531
530
545
622
604
639
628
627
591
597
603
619
647
651
620
648
641
641
629
628
621
635
653
648
597
575
567
580
586
584
583
605
614
640
671
674
649
624
613
604
574
549
558
560
570
593
619
712
717
727
673
658
656
627
636
640
605
636
636
658
646
628
651
657
656
637
655
657
646
633
603
619
619
630
614
611
645
637
612
624
625
626
593
598
598
606
580
590
570
555
555
550
544
542
550
552
549
533
536
536
539
538
549
568
580
580
570
574
589
603
626
618
622
599
590
592
563
570
584
613
645
646
660
670
692
697
691
641
650
646
651
622
637
630
599
579
579
572
571
560
552
558
576
610
620
650
675
672
640
619
607
573
555
547
541
533
527
527
533
555
588
622
603
575
579
594
620
648
672
678
662
650
643
635
608
601
615
626
639
649
623
622
626
636
659
625
587
562
583
593
605
595
575
578
594
616
621
627
622
612
599
593
585
580
578
577
567
554
560
574
633
670
674
684
679
642
617
587
550
551
535
524
529
541
552
548
531
521
536
543
537
521
531
526
521
521
541
558
563
560
547
539
523
508
517
517
531
534
521
534
540
550
562
553
539
558
560
565
584
597
612
604
591
575
542
549
535
541
553
602
682
725
733
702
657
626
581
547
532
523
524
548
604
683
690
620
696
682
631
602
628
610
606
582
600
640
625
588
587
595
589
587
589
599
629
643
662
662
652
602
618
612
609
595
581
554
546
541
533
528
533
551
576
592
586
604
621
629
641
650
655
660
640
631
600
597
610
627
630
649
674
640
672
675
660
642
618
598
604
616
623
630
637
638
644
646
620
637
648
649
644
655
659
663
644
640
629
624
628
650
646
633
604
588
579
559
542
531
523
522
537
567
618
639
677
695
703
692
688
655
630
637
644
650
645
633
658
670
648
637
658
654
630
620
616
607
588
548
531
531
526
518
518
522
510
511
516
526
547
582
619
627
653
649
644
633
627
630
600
601
586
552
556
561
558
587
665
702
724
716
696
672
630
593
605
605
605
629
646
634
643
656
669
668
638
666
657
640
636
627
613
595
608
619
635
643
614
649
660
641
612
600
601
600
610
590
615
620
642
634
636
638
625
592
569
571
575
586
594
624
611
600
594
571
569
578
599
581
560
545
538
553
552
564
573
595
601
594
588
552
551
542
533
527
520
508
504
503
505
509
506
511
519
520
533
547
582
595
628
646
624
580
574
576
579
568
567
567
583
600
618
630
637
638
620
616
606
563
565
563
564
578
594
604
607
572
582
591
623
653
663
657
653
624
606
612
611
632
649
660
652
633
642
641
618
612
629
610
617
643
663
684
655
695
695
656
634
616
598
575
577
575
581
575
592
611
624
614
651
650
625
601
585
560
545
544
539
547
562
554
568
576
594
625
621
648
654
648
627
633
636
633
616
627
638
640
627
655
663
628
607
601
600
568
584
579
598
599
578
557
558
557
566
570
583
604
614
607
610
624
635
635
636
641
635
610
589
580
571
556
543
540
546
528
539
549
569
591
593
604
614
644
648
615
598
595
585
576
574
559
557
552
551
553
570
561
555
580
573
658
723
778
787
749
725
697
655
636
587
606
574
556
543
546
553
572
590
574
597
608
631
628
631
652
649
634
640
641
626
574
582
576
554
547
565
593
617
631
708
658
703
706
705
708
700
706
640
665
646
654
637
638
645
658
646
620
629
600
579
560
555
556
562
576
597
646
687
727
682
711
709
681
622
619
611
604
642
671
693
692
672
650
666
667
657
648
613
639
646
650
642
661
675
672
664
628
640
610
599
571
563
549
548
558
580
612
618
645
653
665
655
630
632
627
615
597
622
632
655
680
633
659
683
659
639
659
649
631
659
669
642
657
671
643
669
671
656
619
653
650
650
649
687
652
664
638
611
578
564
560
563
590
616
655
658
662
647
594
566
562
562
552
558
575
585
597
600
613
622
601
596
597
596
569
1095
538
529
547
546
540
519
527
521
521
538
531
529
522
516
515
514
513
508
521
536
560
596
585
625
659
688
685
654
648
634
587
570
566
566
590
606
585
560
566
570
574
579
579
592
597
609
599
581
589
591
598
600
566
545
547
546
550
579
566
563
565
572
580
579
596
601
593
582
573
559
553
540
544
546
558
563
585
596
599
583
553
536
529
522
520
531
546
574
599
588
608
637
639
644
656
661
639
613
620
628
650
643
654
675
687
688
680
687
672
668
635
641
636
640
626
647
645
643
601
600
599
613
629
602
623
640
635
609
619
610
615
606
581
590
588
603
606
624
637
649
636
628
613
591
575
584
603
611
603
608
609
611
603
613
613
613
605
615
625
611
617
618
609
614
583
579
572
579
638
687
709
727
722
700
707
690
657
590
578
572
591
624
696
720
729
729
725
710
690
671
660
660
628
614
621
633
646
638
648
653
618
588
586
591
583
557
559
561
569
586
594
589
587
580
570
555
554
541
537
534
540
554
576
586
588
581
572
558
562
562
566
575
584
571
549
524
512
521
501
550
638
662
691
736
729
710
676
654
636
450
2728
508
403
591
766
3936
1324
477
677
692
648
642
604
568
587
575
576
587
584
598
471
3982
669
662
599
625
607
598
572
563
569
626
652
653
651
654
643
621
618
580
565
560
578
583
572
609
614
623
631
656
657
641
592
603
600
613
630
619
589
602
602
586
597
547
560
564
582
607
605
562
546
544
535
533
534
543
575
613
640
637
601
585
576
581
597
621
638
633
600
638
634
637
635
629
623
597
594
591
601
611
621
655
675
677
614
645
642
656
654
643
631
621
582
572
579
599
638
671
656
711
726
663
691
684
680
670
628
637
636
639
603
610
621
634
645
600
611
626
646
640
589
588
561
574
581
597
608
589
599
614
583
604
591
582
604
603
564
566
554
526
527
528
534
550
593
632
621
602
556
533
532
524
519
540
578
586
584
615
565
561
556
558
566
572
568
563
562
563
565
561
558
575
599
653
629
658
662
657
615
597
577
568
578
615
627
594
620
622
626
592
589
585
584
577
567
575
587
604
600
585
601
607
612
608
590
587
580
579
568
546
549
558
569
594
591
585
602
615
601
608
602
588
574
567
551
552
558
575
606
598
604
607
614
616
603
586
592
603
606
595
605
611
618
624
612
604
621
624
600
608
603
605
591
587
609
627
650
628
635
633
626
618
588
603
608
614
600
607
599
607
586
563
573
586
614
648
628
637
617
585
574
573
581
587
593
595
604
626
634
639
651
647
628
637
632
630
610
625
644
664
658
678
687
662
632
637
600
614
616
630
639
631
580
581
578
577
566
570
577
586
566
601
666
682
654
672
666
635
626
621
621
598
608
603
607
599
620
636
658
642
638
592
586
591
604
616
620
647
644
624
631
646
643
635
631
627
611
603
600
562
547
535
544
561
595
652
676
680
681
622
611
576
571
562
555
556
546
544
546
545
536
537
534
536
550
555
541
531
521
507
509
500
493
503
557
624
618
651
696
747
752
711
635
632
612
627
595
596
599
577
584
622
695
682
694
687
679
662
637
597
568
557
539
539
530
540
569
674
692
688
682
711
706
688
631
600
609
590
605
595
602
605
631
641
645
646
636
608
611
602
578
586
565
564
563
542
574
677
716
703
680
703
685
675
724
743
710
617
622
640
657
618
631
624
605
581
578
579
556
573
577
578
547
555
564
590
619
604
606
624
621
607
637
647
638
596
602
613
619
601
585
600
606
598
570
587
603
612
633
681
657
610
624
618
618
614
600
576
572
568
567
552
554
571
642
604
664
717
770
707
740
724
684
625
587
570
572
594
651
688
709
712
703
656
656
660
654
607
610
624
622
612
627
660
647
613
629
642
649
625
623
630
638
631
619
605
613
573
572
583
570
549
556
557
565
579
579
573
588
587
587
566
568
571
567
541
561
560
563
564
565
561
556
536
533
530
532
538
545
550
548
554
560
564
564
555
565
572
573
576
568
575
570
565
537
543
540
553
572
584
586
563
552
558
580
577
587
601
612
614
612
602
605
614
582
571
562
548
536
546
556
585
611
683
733
724
717
716
677
690
688
671
663
677
664
621
628
625
627
607
649
695
667
687
703
695
675
642
613
563
559
554
562
567
595
629
617
599
618
622
624
609
618
639
630
608
599
599
601
586
582
576
561
546
524
521
513
507
515
548
566
578
547
597
693
711
734
739
741
746
663
659
636
644
648
645
652
647
640
631
604
625
624
644
629
664
646
645
634
598
610
581
605
612
630
621
634
643
625
612
598
588
572
559
561
563
563
556
563
543
536
542
565
578
601
612
626
627
650
627
571
567
560
559
557
548
568
592
623
651
638
668
661
663
631
645
644
634
602
624
632
639
637
670
676
654
645
643
632
605
616
614
610
591
602
608
607
592
608
615
602
587
607
611
606
627
622
596
614
622
601
571
579
604
629
670
671
616
622
595
607
615
608
605
606
598
582
572
560
559
535
531
536
561
654
685
725
740
709
719
703
678
648
595
590
583
571
553
544
541
534
541
553
563
565
543
550
559
573
568
551
558
572
571
561
565
559
541
531
540
537
543
530
543
535
525
530
576
570
557
561
563
572
575
563
571
555
535
536
531
532
521
536
545
580
617
596
604
601
610
611
607
621
640
627
646
662
651
683
693
653
659
659
640
632
640
646
641
665
674
653
626
615
613
629
604
592
590
595
604
608
629
656
634
638
646
668
654
637
599
587
581
578
588
586
604
596
640
730
757
725
714
722
654
623
594
567
560
562
601
701
749
738
752
766
752
734
716
686
655
653
652
643
623
649
677
726
718
710
714
708
668
656
647
646
639
620
636
618
589
574
576
594
640
643
623
633
626
617
612
586
602
602
616
606
591
603
600
571
554
548
571
604
633
650
682
691
688
677
665
659
640
629
626
624
630
650
693
718
675
689
647
664
690
703
689
689
690
688
668
659
652
645
618
609
616
637
649
643
651
647
637
619
631
630
633
617
625
633
624
610
598
574
569
577
597
606
605
616
627
624
608
618
618
610
581
573
565
560
558
549
569
589
604
591
610
631
627
607
620
618
612
600
609
590
576
556
556
565
593
624
645
664
661
650
643
625
597
564
557
555
568
583
572
582
576
561
569
612
631
667
682
665
610
604
591
583
577
572
534
522
516
520
1554
1022
505
509
510
504
506
524
546
559
573
531
539
546
550
550
553
555
552
538
522
522
521
536
578
629
666
670
669
671
665
596
596
594
573
601
607
610
608
589
614
658
712
744
727
719
687
646
593
572
563
555
556
595
623
618
642
671
685
673
683
641
654
653
647
646
614
643
637
628
621
633
633
628
606
604
609
616
611
608
587
602
609
613
618
579
597
592
597
595
577
582
597
611
602
571
596
593
595
599
583
583
584
590
600
594
590
555
556
551
551
549
549
564
604
640
621
647
590
612
670
721
730
735
691
677
659
633
624
597
610
604
611
580
606
612
604
571
568
568
582
610
638
642
639
634
599
593
569
547
540
536
543
542
528
534
560
595
618
597
615
614
617
613
581
585
587
607
621
609
623
636
640
636
615
631
631
617
599
614
621
605
603
589
581
573
550
537
549
548
560
576
564
568
586
591
596
570
582
590
601
592
591
598
601
604
582
591
593
609
632
602
625
629
629
605
573
564
563
549
560
564
573
578
567
584
598
619
602
628
623
626
589
590
589
586
561
540
542
543
555
563
583
563
563
574
587
591
600
583
596
605
606
619
641
621
611
617
623
625
626
593
605
609
622
636
604
618
629
636
637
631
613
617
607
612
619
612
646
622
599
595
599
577
556
539
541
539
544
558
578
581
580
581
583
555
550
549
560
591
622
626
590
592
579
565
543
542
532
538
557
587
595
588
604
630
640
653
639
612
608
602
602
604
608
592
606
617
615
604
597
597
604
609
590
615
626
630
622
628
626
598
590
577
560
555
553
542
529
528
529
517
512
520
542
563
581
596
590
570
570
568
564
574
570
591
602
614
607
632
635
642
596
606
595
604
580
593
595
594
580
582
573
573
567
549
559
554
559
532
537
542
562
585
615
605
622
625
628
610
612
611
606
582
590
595
617
609
647
682
693
670
677
666
652
642
648
631
608
628
630
636
576
583
595
613
604
613
620
631
620
621
629
637
626
621
562
557
545
532
527
532
517
522
525
544
595
605
595
618
622
635
624
608
594
574
549
542
539
539
523
516
510
532
572
666
690
674
646
621
585
599
606
622
627
617
576
581
566
554
571
602
669
703
675
682
679
661
654
638
617
586
585
585
579
556
569
579
590
600
583
596
610
590
568
576
572
556
553
540
539
547
563
579
585
594
577
566
560
537
526
528
528
547
578
600
587
559
558
558
564
580
590
594
607
623
608
604
611
612
622
633
650
662
659
655
634
616
599
595
595
601
596
612
621
627
622
629
633
631
632
644
641
636
607
611
605
596
596
616
636
622
602
625
625
640
630
604
606
570
567
581
603
587
604
611
621
636
648
632
592
563
550
532
529
541
575
598
648
683
694
691
702
693
655
648
643
635
613
628
609
598
564
564
568
595
651
664
665
682
671
663
633
621
615
623
608
619
630
611
598
599
604
618
611
640
592
553
557
552
557
568
579
564
569
556
544
541
554
551
547
538
534
525
515
511
506
502
504
513
523
540
551
561
563
563
560
549
555
553
551
561
537
547
546
558
564
573
565
539
539
537
555
609
656
656
646
594
591
595
609
657
682
712
709
686
654
641
647
624
619
592
569
565
555
554
555
561
569
544
549
549
554
559
553
536
529
521
516
612
411
520
519
523
538
588
548
1701
526
527
521
548
541
553
569
591
612
622
628
614
626
634
631
748
478
351
495
1119
6296
655
1794
626
645
650
635
660
660
616
618
612
584
601
621
621
603
644
679
674
622
666
666
628
601
616
622
597
584
598
609
616
586
604
626
634
611
636
650
658
615
641
646
631
601
642
646
627
607
615
618
632
616
650
647
644
616
648
640
606
610
621
611
596
623
611
575
611
625
653
627
598
641
645
594
604
608
621
588
591
600
600
602
649
695
675
604
616
618
606
592
563
566
566
565
550
559
557
563
579
582
581
613
643
607
632
609
645
651
637
613
567
557
547
535
529
508
501
498
516
534
597
692
707
711
703
689
637
643
337
289
634
356
805
664
331
802
562
429
686
544
538
537
540
549
563
577
580
572
577
580
587
572
578
581
588
593
581
598
605
612
605
624
647
642
635
639
631
614
594
592
575
567
567
586
625
648
622
636
653
619
619
615
613
589
588
585
582
575
604
632
663
646
678
671
652
638
636
640
602
613
619
618
641
633
616
590
571
564
564
585
631
618
629
634
632
613
616
607
610
602
605
624
635
643
647
662
659
640
648
649
657
663
682
669
643
649
653
657
650
660
654
653
645
646
640
626
599
607
607
613
622
610
622
626
615
608
608
613
599
604
602
595
581
547
547
541
549
538
537
555
589
685
667
658
658
632
603
598
594
560
545
547
552
560
580
563
613
303
690
536
523
527
530
537
543
526
527
530
543
571
612
622
629
504
604
320
321
460
6140
638
667
699
710
692
671
610
617
591
575
572
591
606
626
609
562
557
552
538
528
522
521
558
717
753
750
741
715
705
670
652
614
643
657
653
605
587
585
592
632
644
652
632
620
600
587
558
552
561
569
603
641
646
658
647
642
614
575
580
584
608
651
659
609
575
580
584
608
635
651
662
632
263
963
589
564
560
539
529
537
544
554
568
588
607
592
619
619
620
623
617
582
588
574
576
580
595
622
662
688
693
678
642
638
632
627
621
613
612
593
624
626
646
651
651
618
628
627
628
622
641
619
603
603
592
569
554
548
547
551
563
576
580
582
581
582
581
565
583
590
604
615
623
603
619
604
596
582
553
535
519
514
505
496
491
487
482
484
499
548
600
626
627
624
638
636
616
567
561
539
529
527
555
623
619
626
672
713
713
698
690
679
628
606
588
567
580
578
552
562
582
652
710
726
708
686
662
637
626
612
599
568
578
580
588
617
637
651
658
689
650
618
518
449
803
567
556
558
552
535
547
552
557
556
571
576
587
581
586
590
597
593
563
548
546
549
537
543
552
562
565
553
569
575
572
577
544
529
534
539
563
621
646
635
641
631
617
592
594
592
594
573
585
579
579
577
595
592
564
547
523
516
510
504
500
496
506
549
610
611
619
604
562
561
565
567
577
603
607
612
595
613
620
637
611
622
594
564
559
577
598
576
599
606
612
616
595
598
604
609
612
603
617
629
601
604
603
590
579
550
550
546
555
582
593
614
626
629
616
631
620
610
590
597
591
592
590
599
613
620
610
642
637
615
628
623
613
578
553
540
528
517
519
519
510
519
527
550
572
563
635
668
653
640
628
629
601
564
554
542
530
533
536
542
553
542
555
560
565
566
562
573
590
580
582
579
552
553
545
526
513
511
502
498
493
503
544
566
575
568
567
540
524
524
523
530
543
544
552
575
607
624
597
589
588
589
563
561
569
588
610
592
626
624
619
580
581
585
585
565
572
581
597
605
611
629
616
603
584
585
578
580
566
559
559
561
576
587
592
603
604
608
593
604
610
604
608
614
601
584
586
572
542
525
514
512
504
495
491
487
496
569
682
690
637
587
584
596
598
584
574
566
566
555
538
535
555
549
546
562
595
589
608
621
638
646
647
633
623
616
615
619
611
594
597
598
604
608
601
622
630
640
642
645
635
630
604
612
615
623
632
640
640
656
633
632
641
625
599
602
597
592
579
582
591
614
643
647
657
639
587
587
579
578
558
567
573
574
562
576
574
566
543
535
514
506
499
492
488
481
483
504
535
533
563
610
631
573
577
585
578
559
538
522
513
512
511