630
646
646
661
639
594
579
574
563
606
574
569
602
600
579
610
630
598
594
616
632
654
629
621
646
660
665
607
653
646
602
636
649
639
610
645
644
611
607
614
635
649
608
604
631
626
633
657
631
652
660
619
647
640
609
635
635
621
643
657
676
652
636
664
674
687
667
608
624
628
655
677
683
616
635
640
620
619
643
626
630
646
619
611
627
641
624
617
635
613
586
294
905
598
598
635
678
665
662
692
701
652
643
650
652
646
605
625
628
647
642
608
642
663
687
690
677
644
670
671
624
614
631
608
586
590
574
603
603
595
640
656
656
599
644
646
634
612
640
663
691
659
662
689
692
675
657
693
695
676
630
664
672
630
609
624
646
658
610
636
642
613
587
589
599
614
596
578
591
603
623
611
585
604
615
636
668
632
665
701
704
679
646
671
443
852
599
616
635
665
673
631
631
644
679
693
633
660
677
688
638
665
689
663
646
668
660
621
598
585
584
599
603
601
590
571
581
581
564
562
570
575
595
610
595
583
605
624
650
666
664
640
606
633
625
636
618
618
636
650
661
635
624
638
625
626
582
604
605
605
565
562
558
552
582
593
563
591
610
629
621
583
598
611
627
623
586
604
610
635
624
617
636
1252
600
588
603
600
585
599
606
601
588
613
627
634
609
595
620
627
639
595
619
621
603
596
620
638
620
597
626
641
612
598
617
591
592
617
646
619
631
643
682
695
631
679
742
706
693
737
702
631
614
615
606
623
607
603
619
635
659
671
682
660
617
623
625
636
643
646
628
589
600
601
619
642
663
644
632
651
668
675
673
640
622
638
655
632
612
646
646
637
603
636
639
632
599
603
607
621
617
587
598
610
631
605
599
621
636
632
586
598
614
631
626
606
635
650
634
626
618
574
585
568
568
567
575
567
560
553
543
532
541
254
360
3044
1589
1880
4681
650
476
1865
2978
2135
2465
527
1564
541
546
531
537
546
553
535
382
695
542
533
521
1044
524
517
519
524
538
532
558
587
583
559
558
572
567
544
546
547
555
558
583
557
590
558
584
563
540
542
554
581
587
558
550
561
582
571
559
554
567
550
577
583
536
1118
1151
544
550
568
595
589
575
595
615
598
570
568
563
560
552
558
554
567
586
606
597
597
602
604
576
564
571
598
614
589
581
607
631
627
595
623
643
661
666
614
646
672
695
631
688
705
671
634
673
650
612
648
655
642
602
648
630
630
599
583
598
618
599
582
609
642
678
640
606
645
670
691
644
635
671
685
705
689
635
658
685
714
712
731
660
637
661
685
723
688
658
701
689
634
672
681
645
616
635
642
648
616
650
689
662
623
659
645
666
614
615
630
655
656
603
631
660
662
610
649
676
693
631
657
672
643
253
354
1241
588
616
539
746
620
667
624
665
621
613
638
660
659
606
646
668
633
620
680
710
722
646
704
706
722
682
655
683
709
734
681
648
689
713
742
705
677
718
756
698
667
694
710
713
651
694
709
654
649
689
716
685
656
705
691
627
658
675
695
675
630
662
674
662
654
719
699
630
670
686
663
605
626
638
672
651
612
646
671
686
697
632
677
683
708
706
648
680
688
726
720
725
678
645
682
696
718
654
629
639
649
681
684
737
708
640
669
672
682
636
618
641
659
694
629
667
730
716
629
667
681
656
611
636
650
693
620
663
679
705
716
630
662
676
703
707
627
677
703
709
631
669
685
711
715
634
672
690
673
617
659
679
706
634
657
698
748
759
680
654
688
701
645
626
662
696
646
623
664
646
601
604
617
613
581
593
604
604
576
591
600
634
651
605
599
628
660
703
717
635
667
694
688
626
663
682
729
749
680
655
694
717
735
651
658
685
712
688
626
657
666
697
688
622
660
676
709
672
634
670
690
712
648
655
675
716
688
636
693
725
743
657
665
686
727
680
626
670
697
722
620
640
657
642
627
618
593
617
638
686
664
612
651
679
711
703
624
661
684
717
766
697
654
728
766
702
679
736
748
651
678
699
729
725
646
697
729
773
784
662
685
703
729
684
641
675
706
752
737
661
716
745
743
644
678
692
707
650
657
724
691
641
699
704
643
626
651
607
583
584
601
654
712
706
646
722
728
743
687
627
644
665
691
722
754
658
720
758
769
697
647
658
658
622
622
645
667
622
612
637
655
644
666
707
723
647
688
697
709
701
626
639
634
646
654
613
665
675
628
660
673
683
631
663
678
710
674
642
687
698
632
654
665
649
618
654
676
645
621
651
661
616
633
654
681
651
645
672
678
655
609
611
615
640
633
611
647
680
679
666
693
753
701
648
670
797
707
700
727
677
669
707
723
751
768
711
737
740
740
734
664
626
635
648
695
741
758
727
665
705
732
748
713
641
700
679
617
618
646
660
654
611
626
650
680
717
711
643
677
688
709
724
673
635
659
684
659
598
605
630
624
595
619
641
655
661
725
724
664
664
677
688
690
656
637
669
686
713
647
628
661
687
659
645
624
595
604
631
644
600
598
619
636
655
621
626
660
700
735
713
672
717
743
754
685
726
752
776
750
675
714
726
709
661
712
732
742
664
657
695
714
707
645
704
728
702
632
672
682
712
641
664
700
706
653
630
677
656
605
628
645
642
625
674
701
727
657
651
679
688
726
717
632
667
691
722
714
644
691
692
632
641
661
667
686
623
622
646
681
620
659
688
707
723
675
639
681
676
668
621
643
650
692
711
656
671
711
719
658
650
670
687
698
644
643
662
687
671
625
661
688
718
685
644
678
696
688
619
649
661
675
634
641
677
702
700
637
674
687
690
642
703
716
746
694
662
695
717
726
654
688
715
716
668
637
671
680
617
624
649
619
628
676
696
624
650
666
629
604
616
623
647
661
688
628
640
668
682
717
709
646
666
683
716
706
644
678
694
729
735
689
651
692
693
692
724
719
638
681
698
722
684
636
662
690
670
615
655
640
604
601
622
610
593
577
563
572
600
615
573
574
587
593
568
601
617
649
603
628
653
623
646
686
625
665
685
731
680
662
696
693
648
617
646
653
669
674
629
700
709
745
705
637
676
671
685
684
622
685
725
749
775
691
707
718
707
656
628
664
689
698
656
724
732
689
666
721
729
652
644
684
708
670
615
657
666
643
611
642
666
692
725
672
643
699
712
710
701
628
658
660
690
660
626
655
674
708
712
648
646
684
717
701
635
686
697
688
629
678
688
696
627
654
669
688
652
624
667
698
722
664
642
668
687
694
633
638
669
674
617
611
636
654
613
594
581
583
599
640
638
638
602
590
597
609
582
576
585
584
595
582
569
589
592
598
632
595
602
628
648
680
693
668
621
645
629
643
641
605
636
647
671
697
647
626
664
673
689
636
627
641
643
663
683
629
611
616
616
589
592
599
615
658
662
625
662
685
701
635
631
629
607
599
585
604
613
652
632
617
671
675
643
616
640
664
693
665
609
631
633
654
641
602
649
654
652
627
655
684
698
678
604
614
618
621
643
634
609
644
669
718
732
713
651
682
690
692
685
619
634
640
671
688
620
683
694
725
718
614
657
657
632
593
589
578
559
560
572
595
622
647
661
634
601
624
643
674
696
682
629
670
694
727
738
685
653
689
692
610
621
624
657
688
722
684
668
648
598
604
604
624
637
608
644
673
703
711
644
640
665
682
670
632
669
698
688
643
687
761
705
686
719
735
652
640
738
763
679
698
652
631
604
605
608
640
703
723
730
766
680
676
691
694
695
661
617
631
643
668
691
611
609
607
588
585
599
584
594
621
649
659
639
601
609
615
613
639
627
590
611
616
590
605
642
638
603
636
671
701
646
677
682
661
616
630
641
644
607
647
662
702
671
646
705
723
744
761
735
648
681
676
667
682
683
621
640
677
733
779
709
703
726
731
759
785
720
672
713
729
772
774
674
712
726
756
747
646
676
657
610
613
624
649
617
641
671
642
645
669
636
655
680
694
635
664
680
652
614
633
670
695
723
655
643
659
687
705
648
670
707
725
655
709
719
641
667
684
666
672
698
721
660
711
734
727
657
684
679
662
681
708
737
712
713
715
651
695
711
749
650
663
675
714
700
648
705
716
650
690
711
664
674
703
669
630
674
619
632
642
673
704
734
737
736
659
687
696
722
715
755
726
643
662
672
686
706
686
720
755
682
643
690
668
620
665
665
623
657
683
710
656
644
671
698
715
649
653
681
706
678
651
671
703
727
739
629
629
629
642
631
582
578
591
631
713
751
719
745
742
768
772
762
762
728
619
617
602
591
613
653
635
607
649
679
644
724
755
775
655
680
662
633
643
661
643
630
651
677
658
700
717
729
658
686
698
688
643
686
701
639
649
660
688
692
720
664
631
652
648
616
673
651
624
659
696
729
743
646
690
699
628
636
644
662
654
617
653
664
701
717
724
634
660
657
659
624
651
682
698
640
679
691
706
656
644
665
668
617
605
610
619
649
694
712
717
668
713
712
644
638
646
672
715
734
745
740
666
630
641
648
678
672
651
617
604
632
662
692
616
617
629
615
620
686
730
730
645
700
724
731
669
639
660
669
714
747
676
656
692
719
748
697
661
708
727
663
655
686
691
668
678
632
601
613
632
669
707
720
644
679
697
716
685
625
662
657
638
612
638
652
684
633
652
697
738
752
704
637
668
688
707
730
679
637
676
690
737
748
683
669
717
739
723
666
713
715
743
710
645
681
691
728
672
645
688
722
761
743
676
718
736
740
681
639
685
705
737
657
663
708
726
688
644
680
692
722
729
649
674
700
726
738
666
643
673
703
723
667
637
674
611
608
616
629
662
652
608
635
655
641
607
615
637
680
640
619
649
680
658
620
659
675
700
648
648
684
673
633
615
646
652
626
667
696
751
771
739
660
708
718
725
655
672
688
728
740
762
666
662
659
657
656
624
609
622
615
636
637
642
659
628
617
644
669
692
716
658
631
649
664
687
642
617
634
646
669
627
619
646
682
663
636
687
696
719
660
628
641
654
656
607
613
625
667
708
678
671
707
694
637
631
637
625
646
675
663
614
608
622
639
639
639
697
702
633
670
692
711
707
684
672
718
693
632
666
679
710
714
667
626
665
673
704
739
670
693
690
623
646
650
671
732
745
687
727
735
672
635
650
647
686
658
622
662
687
637
632
639
658
664
638
600
602
599
608
607
586
595
606
644
697
682
656
625
599
622
648
686
728
668
639
680
680
628
629
665
662
623
686
717
701
656
712
725
694
684
623
602
604
624
669
721
660
680
740
761
774
717
680
701
717
738
784
790
785
683
695
736
738
643
686
725
674
665
710
721
646
710
693
627
669
674
721
674
641
697
686
619
650
705
723
640
701
721
748
764
755
677
672
684
648
625
646
672
650
643
682
725
747
689
656
681
691
668
639
668
684
719
682
658
685
694
702
732
689
634
673
682
645
643
693
717
636
664
660
664
656
664
634
639
596
604
629
670
724
688
654
718
741
695
661
696
703
716
644
691
719
729
651
687
704
716
672
628
641
668
689
611
603
607
648
685
701
635
663
692
681
620
637
631
615
614
618
638
630
613
629
644
685
737
778
779
744
711
659
616
619
623
641
701
729
686
647
669
680
708
729
705
655
657
652
653
661
623
610
627
606
609
597
594
573
579
587
588
572
588
604
634
658
621
607
624
642
670
699
710
678
632
660
699
730
705
632
660
686
727
726
653
652
681
715
695
638
674
688
717
736
732
686
633
646
622
598
609
624
651
667
627
663
702
731
758
740
651
662
658
629
601
586
587
605
638
657
642
688
637
697
712
645
677
700
696
645
680
675
637
699
705
641
696
714
667
664
697
679
640
677
702
737
649
681
700
726
707
658
750
736
664
688
701
692
669
711
733
764
765
696
680
711
724
744
753
705
658
692
713
753
766
749
778
744
652
680
697
731
734
752
644
684
687
682
628
604
609
627
677
701
677
615
638
646
672
702
716
645
639
654
669
716
720
629
677
671
620
628
651
670
616
676
691
661
667
683
631
630
644
664
641
635
674
686
627
653
672
704
640
683
672
639
692
700
644
654
677
698
680
623
620
654
684
719
729
735
692
646
678
685
718
669
658
693
710
643
650
666
683
700
640
632
653
671
651
634
665
688
640
652
666
697
658
660
691
705
710
636
671
678
647
629
660
688
656
645
687
688
702
622
620
629
637
599
604
627
673
724
717
636
685
696
716
720
713
637
636
654
603
611
618
640
619
628
649
670
662
628
666
677
706
737
732
733
739
710
632
643
645
677
725
786
789
676
710
720
708
641
640
648
670
632
612
632
656
711
627
651
647
661
680
630
627
645
654
614
597
625
603
613
673
706
685
646
684
705
720
680
639
654
655
675
693
719
707
639
669
688
700
657
628
661
654
620
648
663
705
656
638
673
651
626
649
635
612
640
670
623
627
659
678
621
646
687
676
654
714
693
640
687
680
634
658
668
638
650
686
718
754
775
669
684
692
729
741
674
690
729
667
695
698
639
678
701
697
639
682
708
735
741
752
662
673
692
643
656
704
675
661
730
771
761
710
741
752
729
646
692
698
642
680
716
670
698
724
757
685
686
709
657
654
688
647
614
638
658
696
732
753
720
645
681
688
721
649
628
656
682
725
753
780
703
644
663
685
710
698
635
696
679
619
697
708
646
659
676
697
648
627
614
633
671
716
729
683
731
745
735
714
705
731
742
721
688
747
764
719
722
746
763
764
701
662
683
675
623
636
652
687
702
633
652
677
713
687
632
670
686
701
645
622
647
638
600
616
636
644
616
703
715
636
670
703
636
672
684
649
620
642
643
659
620
619
639
661
702
723
733
638
688
700
724
701
641
625
631
631
653
668
610
633
650
628
612
645
686
675
637
691
696
641
656
675
694
655
674
685
628
645
661
705
725
751
719
639
670
666
685
629
647
659
613
646
654
699
681
646
689
707
736
678
655
674
677
617
642
651
673
646
616
644
662
666
624
662
694
710
638
665
681
709
645
670
690
721
737
656
633
662
677
630
646
676
649
648
698
636
646
705
716
647
690
718
719
724
668
663
684
689
650
619
658
673
641
632
679
649
652
672
667
627
609
618
638
646
608
644
675
688
645
652
680
711
726
663
638
678
687
705
642
701
701
640
637
655
653
640
603
608
578
587
575
563
566
576
593
585
567
583
600
629
664
637
607
636
653
675
688
654
621
674
694
666
627
709
734
756
710
648
700
663
617
642
671
704
729
748
675
649
688
709
741
703
639
676
703
731
718
634
665
680
630
628
664
677
641
624
650
698
682
619
641
659
700
647
663
703
724
683
663
716
721
648
662
673
717
663
705
724
653
666
680
670
638
686
698
648
701
741
746
670
727
734
685
690
707
653
645
677
689
729
685
657
710
725
662
671
702
700
669
715
688
703
728
657
660
697
738
769
790
798
734
668
691
702
715
718
679
618
613
662
733
726
670
753
775
766
764
743
663
671
673
683
664
688
724
746
659
656
677
689
727
738
673
654
675
678
698
717
684
634
660
675
711
707
642
633
669
746
780
716
697
731
732
738
732
648
674
669
651
617
602
616
617
601
568
585
634
732
777
809
748
743
780
760
667
649
656
619
615
629
645
623
686
725
672
727
760
691
715
695
640
665
666
620
642
646
614
615
639
666
707
629
678
706
746
755
678
643
667
671
700
688
631
640
656
705
667
686
739
757
671
661
679
700
727
704
645
693
740
728
656
714
708
663
648
666
708
695
637
674
708
741
659
675
690
648
646
664
633
656
675
705
665
693
724
671
658
681
688
633
635
642
668
705
728
725
662
698
701
729
739
668
686
699
731
743
660
659
675
704
745
761
737
651
691
711
739
659
715
746
789
687
736
748
675
667
681
690
661
620
660
691
723
735
766
746
655
676
683
699
650
631
660
664
688
678
618
640
655
686
655
689
711
656
678
709
723
684
627
648
667
646
635
673
710
733
679
636
664
688
646
661
703
752
719
729
771
774
660
685
691
653
629
652
674
636
636
654
663
623
626
657
674
641
635
680
712
741
755
740
714
692
624
610
593
576
591
618
636
612
675
698
798
800
694
729
753
719
664
689
670
620
636
646
694
654
711
752
677
740
741
671
684
707
661
662
688
708
726
641
668
685
718
647
682
706
716
654
634
649
689
746
689
691
722
737
669
682
711
745
747
673
654
683
643
627
592
596
614
654
662
627
680
720
700
652
711
716
671
641
662
661
674
634
625
670
689
633
674
719
752
798
794
763
663
662
672
700
793
679
732
751
808
828
831
750
772
761
716
642
701
675
631
688
721
690
655
690
655
644
668
670
680
685
690
628
659
657
638
628
650
694
692
657
713
733
683
697
701
683
641
665
678
643
666
694
726
650
708
713
661
661
687
719
675
648
689
687
635
663
699
697
626
653
663
658
654
620
598
587
585
595
606
630
687
684
768
764
674
629
613
596
581
558
563
574
604
629
606
659
702
763
795
729
752
689
681
690
670
609
616
619
631
601
614
638
649
605
611
615
608
605
575
584
598
621
666
722
712
640
675
694
711
721
724
718
690
637
650
666
689
706
687
614
628
622
597
624
590
634
656
701
705
621
641
719
661
688
745
800
701
758
795
781
682
741
768
720
670
757
780
717
640
664
662
621
610
613
639
668
629
635
671
698
717
696
629
649
680
641
617
604
596
597
628
620
616
672
693
655
634
681
712
746
647
683
692
722
732
682
641
675
710
652
654
717
748
675
693
736
763
764
701
648
688
684
639
702
730
679
722
743
710
664
708
728
739
661
724
721
646
679
699
748
777
785
688
678
690
718
740
760
730
658
689
718
755
692
664
692
721
691
678
709
665
646
683
717
684
647
683
705
723
652
666
685
633
631
657
685
733
748
761
718
651
688
684
621
618
647
700
694
666
744
774
790
729
650
668
662
623
606
617
613
651
657
647
699
650
642
681
646
631
658
676
740
778
799
729
669
714
738
719
636
700
700
658
646
676
719
759
774
773
664
693
703
641
635
676
704
674
614
626
650
694
742
756
760
778
758
666
646
659
667
632
626
663
710
685
658
714
739
758
663
693
695
710
650
653
683
718
729
655
715
734
767
692
682
725
723
655
660
687
713
657
677
692
725
743
709
630
642
656
704
769
787
749
673
712
726
741
744
773
708
669
701
705
642
646
671
702
675
649
687
707
651
633
659
679
619
638
657
685
687
627
675
666
623
625
620
596
649
674
615
672
685
663
617
625
610
596
582
593
598
624
616
598
614
638
610
605
613
629
608
601
623
644
620
631
670
706
731
700
644
667
677
697
716
736
752
664
638
645
667
679
610
642
644
728
756
692
644
664
685
716
733
678
637
655
691
763
673
685
729
760
662
690
698
754
721
660
699
720
773
806
697
654
682
688
708
729
649
649
679
703
647
655
698
729
750
752
783
731
668
696
705
739
677
644
674
710
747
637
688
680
715
731
684
631
656
660
620
626
638
688
700
638
670
685
721
703
639
652
664
678
711
709
642
633
657
676
666
630
677
687
656
646
663
685
669
638
694
708
669
666
689
657
627
654
682
729
662
668
699
735
681
663
687
680
625
641
655
688
717
753
672
671
709
701
649
673
684
635
645
661
689
721
652
681
699
740
723
646
644
668
682
629
653
682
649
646
693
682
635
678
702
741
756
757
674
702
705
722
740
675
646
693
653
669
712
642
660
676
673
623
677
670
621
645
662
699
735
754
748
683
639
649
659
697
717
631
656
690
736
708
632
683
672
625
659
648
614
654
649
619
671
691
662
650
677
698
707
717
728
644
658
668
696
707
750
697
630
647
647
679
711
724
660
632
644
658
688
630
648
663
670
616
623
649
653
607
633
656
690
708
623
629
626
646
655
622
587
586
596
609
648
610
606
626
645
643
618
589
591
627
654
689
706
663
625
648
670
710
683
679
677
608
598
605
595
571
582
593
625
672
659
616
642
659
643
624
656
629
610
633
627
603
622
652
649
625
675
680
651
630
678
643
622
640
686
694
633
663
688
656
643
683
703
670
672
707
740
724
686
729
689
634
681
706
666
648
688
681
646
673
714
720
669
688
712
683
660
717
664
690
706
664
682
706
659
659
699
701
646
661
671
709
729
682
668
703
705
741
749
756
665
658
682
696
691
623
625
641
620
598
578
593
635
712
729
742
722
703
741
761
731
720
680
638
673
671
707
727
664
670
688
741
749
745
665
663
652
606
609
610
597
583
591
601
635
669
672
629
638
667
696
726
703
651
711
755
775
782
698
668
696
709
745
740
643
682
693
735
697
645
690
706
741
701
663
706
729
692
641
678
719
711
634
653
630
601
612
635
671
637
656
666
666
612
624
645
687
644
625
653
692
710
646
706
731
732
644
684
692
700
648
666
696
669
633
657
694
760
729
691
707
732
737
747
734
678
644
675
644
647
707
722
671
650
665
702
688
631
659
670
688
723
683
639
666
662
700
699
666
654
691
730
763
730
645
668
686
715
670
635
672
690
713
735
684
645
666
645
604
611
622
661
721
741
707
658
688
721
755
758
683
625
657
703
724
684
700
709
646
651
666
702
725
672
635
657
673
695
708
670
653
662
685
697
660
659
695
741
702
658
717
736
694
673
722
763
750
682
734
751
661
735
746
687
643
699
682
620
635
658
658
618
645
681
732
767
669
683
708
745
762
753
649
697
722
776
794
733
664
702
713
728
771
740
654
682
709
763
803
692
709
766
805
712
724
762
787
728
664
723
766
762
674
729
741
796
727
673
725
748
744
642
664
681
734
724
638
707
753
836
734
735
771
792
697
678
731
711
641
710
753
742
686
796
759
786
813
781
653
650
667
664
629
602
606
616
620
632
603
590
591
595
618
644
629
627
663
659
719
709
666
641
669
681
667
628
640
630
628
651
718
627
664
691
749
699
672
754
811
757
695
753
787
790
688
734
773
788
686
747
758
678
695
743
815
820
823
797
777
740
659
653
637
697
732
660
716
772
849
776
683
715
739
761
684
644
631
615
617
680
663
621
610
624
645
692
737
731
679
634
644
655
706
680
760
693
649
660
669
647
622
669
692
721
649
704
758
788
696
650
678
708
752
696
689
743
767
709
670
705
739
711
668
707
753
801
720
681
716
738
772
694
662
702
725
779
727
668
717
751
783
745
680
713
713
699
660
640
613
625
637
610
736
691
637
675
699
731
655
633
638
646
623
615
643
617
812
791
676
671
660
658
645
589
572
566
564
579
606
645
617
670
683
695
700
710
701
687
1846
579
572
599
652
719
791
838
863
857
850
743
711
726
775
832
831
849
771
676
641
646
697
685
638
650
672
676
629
652
664
729
697
669
744
787
813
745
695
759
799
813
729
690
760
878
760
687
748
790
684
496
816
673
631
614
604
707
661
632
694
723
778
727
656
713
767
818
863
891
776
691
695
701
752
758
847
887
797
731
747
772
821
777
686
733
762
831
837
691
718
756
788
733
655
682
718
780
852
873
793
680
702
697
670
656
628
617
642
673
778
782
663
709
738
805
787
674
674
696
753
828
782
695
772
799
744
654
657
634
633
622
621
283
329
579
419
725
563
570
562
550
543
528
538
548
535
534
526
529
528
529
524
521
520
524
525
525
521
534
552
563
550
574
627
666
630
609
656
676
639
601
620
624
635
591
604
618
631
625
597
600
626
639
644
630
606
612
633
271
396
689
648
625
634
482
666
750
601
607
616
609
618
637
605
1169
586
576
1164
531
549
572
1147
564
568
581
603
619
589
612
650
713
660
611
617
617
647
2302
604
596
661
592
643
670
641
617
665
695
716
645
692
739
796
731
679
760
793
739
669
726
767
708
646
680
718
780
688
655
707
753
729
635
673
697
650
635
672
678
629
632
652
658
690
735
629
669
675
725
770
685
654
700
677
656
707
691
653
674
642
619
616
602
649
665
625
628
650
687
666
621
654
671
647
621
656
713
656
638
683
706
668
648
692
684
650
611
639
688
656
665
752
796
684
768
787
668
706
779
767
748
753
668
651
672
733
700
660
731
785
763
687
731
767
801
678
676
709
820
752
707
785
816
870
725
700
724
790
700
704
740
788
818
744
699
748
792
812
704
721
746
783
782
673
724
777
665
685
761
832
756
697
799
767
668
740
823
791
741
834
860
729
706
766
693
651
701
700
699
786
709
693
781
716
663
705
743
723
645
700
721
771
798
803
781
781
766
773
711
646
670
704
825
838
726
710
738
783
846
801
754
722
710
701
683
696
656
616
630
705
791
653
672
722
789
844
841
813
703
686
732
747
681
678
710
802
805
854
746
707
723
761
809
785
711
649
668
667
685
640
645
700
750
720
679
729
782
778
676
669
675
710
772
731
672
734
797
840
738
687
737
792
733
657
687
709
831
820
720
708
747
784
752
659
703
764
812
721
685
730
778
764
680
743
813
754
679
728
775
742
664
688
725
777
727
726
747
729
657
679
728
693
641
668
703
646
635
664
725
710
660
757
790
716
668
695
742
723
667
751
784
811
719
771
774
671
677
714
701
651
670
705
732
673
702
728
787
798
717
704
753
688
663
750
801
758
706
784
829
794
680
704
734
738
679
648
646
651
680
746
761
663
728
746
788
736
663
703
764
740
677
730
818
773
694
768
812
754
679
729
765
792
732
674
727
805
778
686
762
794
775
699
752
787
741
691
736
781
756
670
710
745
759
762
668
701
731
791
722
668
705
738
767
722
668
730
757
753
686
759
791
777
692
728
765
742
678
727
761
772
744
681
756
791
762
688
744
812
813
708
742
759
691
644
651
636
691
636
619
631
670
633
610
640
677
705
630
688
739
795
739
679
749
758
733
645
663
658
660
614
615
633
660
677
670
688
644
616
618
614
618
608
586
596
632
691
771
718
783
821
830
810
697
679
688
743
813
860
838
706
685
718
750
718
652
699
765
806
825
816
796
663
656
633
638
608
622
641
651
655
640
637
664
711
774
789
718
671
706
705
646
683
714
658
683
765
786
710
857
762
720
794
748
708
727
973
853
870
820
683
735
761
812
709
707
766
828
774
731
763
757
756
671
688
722
785
733
691
784
797
823
764
701
760
788
737
690
775
807
838
729
689
759
827
868
813
714
749
763
792
771
675
696
761
838
840
764
682
730
758
789
729
651
681
703
787
800
723
682
719
777
808
810
698
688
743
729
655
696
746
746
659
663
698
733
699
652
695
744
789
700
685
766
816
726
681
753
786
746
659
713
710
667
656
699
759
844
845
740
702
738
758
773
811
677
654
681
677
632
639
672
713
673
642
670
686
724
796
799
705
702
728
759
767
725
655
686
724
774
786
706
651
671
644
628
613
618
637
654
691
722
661
683
704
726
684
672
719
752
709
653
734
735
684
649
693
766
688
719
797
741
677
739
757
672
730
747
680
676
718
784
713
712
764
769
677
724
761
701
738
781
693
743
806
820
713
797
853
772
809
872
862
751
783
860
736
790
838
870
712
734
783
805
680
677
695
728
674
750
789
833
754
701
747
772
777
714
677
721
746
728
658
722
697
680
635
656
716
747
672
689
707
728
645
646
673
724
698
638
618
658
761
710
722
665
689
699
677
627
626
615
622
642
665
638
614
645
694
718
680
650
688
735
777
695
711
762
785
708
696
742
769
688
730
754
706
703
741
785
821
728
713
796
793
708
719
753
698
726
764
802
719
710
746
800
738
658
701
719
735
812
729
698
756
773
723
791
730
698
760
771
675
729
778
697
742
781
716
724
761
839
721
751
759
688
702
722
756
796
799
680
696
730
772
706
720
773
711
745
756
669
701
737
680
668
706
740
751
692
738
735
658
712
705
649
649
668
727
658
675
729
729
664
727
758
708
684
721
737
786
745
712
772
696
714
772
811
730
679
728
764
811
841
718
715
779
717
689
765
729
740
784
697
718
756
667
720
737
677
685
745
785
789
689
770
764
675
699
724
670
666
712
746
809
716
713
755
793
696
691
711
752
676
688
736
696
694
771
774
714
799
711
728
768
694
704
737
674
726
757
697
739
786
809
708
708
740
766
684
742
788
748
713
790
741
745
797
718
716
760
686
687
733
704
665
737
723
693
770
714
680
734
704
679
721
729
654
696
725
664
674
759
729
665
697
736
771
793
799
694
703
731
735
797
772
677
721
751
775
788
733
707
723
749
759
766
675
667
672
644
684
646
705
791
813
719
661
700
725
675
669
746
789
747
692
772
806
745
699
741
682
649
677
698
793
729
674
777
757
792
800
720
765
690
705
739
685
674
731
793
690
760
789
709
767
839
734
733
798
744
745
795
804
692
738
773
762
703
778
794
688
725
743
779
746
718
798
830
863
877
763
732
775
808
689
762
793
725
690
767
820
713
722
765
773
754
669
743
767
678
711
750
787
766
689
740
767
673
670
707
687
687
796
850
873
779
803
818
753
736
777
733
660
742
690
677
776
738
735
777
748
681
735
749
750
665
684
716
743
663
749
745
675
741
793
707
707
729
758
738
664
726
766
700
742
790
703
757
744
674
717
751
700
735
763
684
733
756
794
720
739
788
746
726
775
731
725
788
700
760
819
818
698
740
748
799
806
697
788
785
688
712
739
691
665
717
773
728
706
738
676
676
693
731
765
689
691
741
710
666
729
680
666
707
737
767
688
674
701
735
715
673
737
790
737
721
763
785
709
675
720
742
674
707
744
768
679
755
771
681
682
688
759
707
665
730
753
769
670
728
772
701
706
715
681
639
670
710
775
757
687
755
760
681
737
672
677
701
706
652
726
771
744
682
752
797
781
683
710
712
752
687
655
699
736
691
674
747
766
791
685
737
771
770
663
680
716
763
715
670
727
731
659
697
715
653
655
699
663
646
687
744
771
698
686
742
675
660
708
711
662
642
675
712
711
662
679
652
689
744
811
730
714
755
792
819
778
677
723
751
801
805
687
726
771
795
686
738
775
804
850
763
720
799
704
709
767
688
676
751
753
674
725
760
819
739
704
747
787
805
745
696
746
773
774
683
703
743
787
765
686
749
771
709
655
687
706
677
674
716
714
638
640
643
671
716
778
693
693
753
778
783
798
796
705
685
697
728
753
662
622
616
608
648
696
740
653
655
683
710
654
646
665
648
606
614
630
639
601
638
645
702
771
757
811
759
666
703
722
746
694
658
693
699
646
707
724
773
681
679
721
793
726
740
813
728
715
795
768
698
810
868
788
782
851
762
728
751
835
806
835
714
687
722
763
789
815
781
688
695
711
733
760
695
662
704
661
774
698
769
806
731
722
764
696
718
754
679
733
771
703
705
770
772
672
725
800
817
821
743
681
715
756
683
740
778
686
717
759
799
834
778
684
730
771
683
701
733
688
679
733
797
824
715
678
698
742
796
704
726
777
712
691
727
778
699
688
732
769
688
692
727
691
656
717
781
738
719
791
721
731
778
713
702
758
791
723
787
793
699
800
806
816
805
691
707
728
765
776
773
673
722
745
820
740
731
823
708
741
786
819
807
707
780
787
693
698
754
702
700
771
701
735
761
668
667
704
698
681
782
825
755
705
743
770
780
685
720
759
744
684
634
635
649
630
613
629
657
693
661
628
652
661
674
629
645
658
690
726
667
649
686
746
805
864
778
687
720
759
777
683
693
750
818
761
719
808
827
695
754
771
705
744
789
708
748
812
743
739
818
797
710
778
813
711
754
795
754
695
754
779
680
711
756
840
804
774
830
737
726
794
742
688
767
811
793
716
780
804
749
699
742
788
702
726
766
823
715
780
804
720
698
767
818
819
718
779
769
711
762
750
646
643
638
663
675
620
621
654
696
657
632
661
683
708
646
645
676
669
645
699
757
799
747
706
773
809
709
732
767
690
692
719
683
664
726
768
819
733
769
779
692
761
802
788
706
784
747
684
764
818
816
789
682
685
657
641
611
613
601
588
627
650
603
626
652
642
619
649
679
649
633
680
688
663
652
700
725
648
700
720
674
674
726
810
801
660
681
723
744
702
686
750
717
730
797
708
751
795
712
731
780
711
745
824
754
786
821
703
805
718
745
790
768
685
804
729
751
791
815
718
725
772
792
832
808
713
778
781
720
703
773
784
695
749
770
701
710
757
756
672
741
805
719
759
750
665
705
744
684
663
751
825
749
806
824
723
772
790
722
755
813
700
777
839
766
764
838
749
761
833
766
699
758
790
863
747
771
832
767
748
823
750
709
776
738
684
771
819
857
903
803
745
777
821
719
699
781
781
701
805
825
703
752
812
864
792
722
817
847
876
775
702
784
852
785
738
832
797
712
787
781
712
771
719
697
854
870
865
800
788
832
845
790
726
730
741
680
647
679
656
689
722
665
662
717
766
689
663
738
753
655
698
755
729
658
759
828
807
808
838
740
675
737
796
750
776
858
815
770
816
750
754
791
712
718
815
756
739
840
828
796
840
838
778
822
722
697
758
856
748
754
845
735
704
765
817
777
684
759
820
791
741
809
837
772
731
767
802
729
668
723
771
816
791
683
724
735
772
699
661
714
756
795
746
667
748
790
750
680
723
755
769
661
639
639
621
721
749
628
690
754
794
685
714
745
693
646
679
721
701
663
772
814
732
706
766
805
688
692
731
753
815
735
699
775
798
810
698
762
813
759
756
790
835
728
723
764
799
767
663
726
720
667
655
698
696
642
689
745
724
669
758
777
681
743
785
741
732
809
753
729
814
861
784
771
823
731
736
826
753
782
864
717
734
816
834
755
756
835
766
738
806
813
729
745
804
765
704
791
822
750
784
803
707
664
697
773
729
669
721
711
718
709
645
686
668
632
668
725
765
671
639
659
714
748
769
714
682
736
772
744
679
736
802
855
836
729
788
829
768
674
734
768
798
695
677
755
778
713
805
802
714
785
833
810
729
771
829
756
676
736
772
725
688
800
760
668
743
756
684
711
740
680
653
677
691
771
688
705
754
787
688
737
784
727
672
727
766
792
694
724
778
798
737
692
729
737
694
643
687
714
735
673
738
781
807
781
676
705
740
771
725
670
715
747
794
761
657
702
721
670
692
769
725
667
727
745
745
677
644
668
673
696
679
653
655
623
724
769
759
694
700
729
692
661
709
734
765
780
739
657
688
717
810
846
773
733
828
709
723
768
826
778
692
742
807
833
774
779
803
720
697
772
798
716
772
854
776
767
811
725
691
736
767
779
735
701
745
717
663
663
688
731
706
668
696
747
709
676
721
754
737
675
743
796
807
736
813
766
729
780
699
728
766
753
684
712
752
830
820
714
790
824
707
758
793
693
770
792
695
736
781
748
763
811
700
744
803
786
673
721
747
819
838
795
712
771
803
809
691
705
744
782
679
696
749
804
711
761
771
692
751
791
699
777
784
676
727
790
729
752
809
698
705
771
707
719
829
849
713
761
814
831
834
720
724
800
813
735
785
770
658
713
753
728
655
730
777
828
826
825
689
685
668
734
696
646
696
751
732
727
805
861
804
748
794
785
689
681
632
612
624
648
694
738
702
717
778
745
688
654
619
628
654
735
808
726
704
808
835
730
759
782
694
771
816
736
780
816
766
774
783
720
674
742
780
727
729
807
708
734
741
663
674
702
662
641
678
702
652
663
665
666
697
757
759
668
697
765
724
672
712
774
833
743
734
777
779
800
708
873
761
748
738
720
650
679
735
753
723
722
783
817
842
831
693
701
690
697
706
726
655
745
788
733
714
754
776
727
695
736
702
647
700
697
668
644
731
794
732
803
814
781
806
717
773
761
720
778
804
730
805
762
770
825
766
778
821
776
752
797
766
685
738
784
732
759
800
827
736
734
760
785
714
697
739
696
688
782
764
700
654
640
613
598
594
608
631
604
598
616
631
662
628
607
624
629
655
719
729
638
680
710
730
684
643
682
673
672
624
628
640
669
649
693
657
619
648
627
606
665
633
629
674
654
633
657
690
726
684
683
752
809
739
787
834
768
775
813
729
756
811
736
785
799
726
764
838
737
697
809
831
720
761
792
794
750
661
693
727
779
729
689
774
794
696
789
823
719
744
794
799
743
701
763
790
806
731
668
745
802
821
702
715
766
810
704
717
745
709
697
739
771
766
710
771
714
712
769
784
730
815
735
754
889
809
735
817
818
740
731
786
815
759
769
813
845
777
710
765
837
841
748
729
776
820
807
678
751
729
663
725
780
832
774
716
759
759
668
724
734
664
698
766
822
792
736
812
858
854
747
727
800
780
694
789
853
793
745
827
819
702
750
821
813
709
789
839
779
775
828
838
754
700
759
839
769
721
801
776
668
740
776
671
756
784
829
838
725
726
781
813
740
739
791
824
749
748
816
865
782
794
814
715
705
763
835
860
737
761
789
739
700
763
813
771
745
811
832
772
728
772
804
749
668
706
763
833
846
808
681
708
728
709
646
701
764
812
749
696
778
795
697
671
699
733
784
737
680
752
758
699
669
764
756
659
726
771
770
719
790
809
830
695
734
801
712
702
787
809
795
699
674
670
650
614
620
652
715
665
642
677
703
747
717
647
684
726
769
726
697
779
823
743
728
800
780
678
745
765
793
709
696
747
780
800
781
669
705
725
759
801
751
676
750
784
786
677
729
751
681
679
708
730
821
726
640
637
633
654
692
654
646
716
763
780
716
670
714
735
775
795
807
732
671
708
739
822
862
845
706
681
717
680
673
732
786
724
692
726
732
764
697
661
688
734
795
747
707
771
827
846
729
739
765
751
693
661
689
741
831
807
740
791
809
728
698
732
771
755
670
721
776
746
677
761
782
762
724
790
813
756
730
772
729
684
652
626
717
757
684
703
763
723
675
746
766
702
680
765
788
701
776
764
687
713
729
698
708
773
727
700
771
766
695
689
740
799
764
766
827
826
763
818
782
692
782
789
735
703
787
759
706
758
829
834
718
768
787
787
690
771
768
686
731
763
710
741
799
748
779
809
722
694
748
796
776
692
742
783
806
746
717
742
806
794
704
660
698
766
716
698
771
833
835
815
723
677
702
714
761
765
667
697
734
806
861
810
703
726
766
700
672
717
780
811
703
776
785
703
697
721
724
686
680
735
761
676
777
825
858
790
733
797
823
762
739
821
802
720
830
858
781
810
859
871
768
744
796
837
735
786
806
717
801
871
811
775
813
823
728
707
739
763
688
686
743
813
781
723
797
812
747
719
757
777
689
685
739
658
668
698
680
646
685
645
625
634
648
609
622
647
628
617
656
675
646
625
650
669
698
689
659
717
774
784
711
778
736
663
670
706
737
651
703
762
684
746
743
682
775
793
699
713
736
672
710
791
801
717
813
717
710
777
831
737
726
817
849
860
754
702
748
807
882
842
709
747
804
769
715
812
843
730
806
848
779
745
812
835
736
747
799
706
708
760
804
714
714
771
718
687
747
713
640
675
708
680
642
712
760
681
729
778
713
787
834
749
705
777
776
698
670
697
701
641
636
696
799
860
877
768
803
811
780
665
682
712
796
814
745
741
822
866
881
785
725
758
827
799
747
676
721
779
832
710
726
769
672
688
719
770
805
737
685
729
770
789
801
729
669
696
723
745
824
856
775
710
755
794
823
839
747
677
717
740
817
837
709
776
798
847
780
678
749
739
746
661
717
777
780
665
695
751
673
701
748
771
666
715
756
748
677
745
734
683
656
642
707
737
660
715
754
674
667
703
769
797
691
745
758
837
862
844
731
771
819
858
873
778
733
748
790
822
858
714
710
732
806
854
789
699
758
802
716
710
765
684
703
741
678
735
772
680
712
768
675
698
788
831
738
764
839
833
722
796
817
755
759
791
722
792
714
714
770
694
741
755
689
719
764
683
701
741
701
659
719
748
782
826
709
695
746
787
844
757
695
755
771
809
717
688
723
766
850
761
692
805
809
689
743
787
806
711
807
793
676
756
757
726
695
766
787
764
683
754
783
723
702
782
777
704
779
820
860
740
808
837
755
721
748
695
688
752
739
707
816
815
763
824
797
738
789
746
684
741
679
682
710
674
669
763
712
744
791
696
760
776
682
725
749
752
687
754
793
732
733
802
835
757
733
789
793
707
747
761
689
751
761
670
701
701
668
716
771
711
679
708
729
704
692
725
779
806
693
668
694
738
769
696
683
726
658
666
730
726
669
732
764
755
678
729
765
746
694
790
721
754
796
683
750
741
674
754
774
706
671
714
770
712
655
693
710
759
792
714
675
710
724
768
785
746
657
684
696
666
627
656
701
688
640
726
711
646
706
723
684
647
682
679
634
664
684
646
682
704
646
676
722
695
678
741
692
691
751
782
705
749
812
736
732
802
805
749
724
778
689
747
812
737
692
772
827
814
737
781
808
744
738
801
729
746
794
812
721
776
815
718
735
788
710
760
819
723
728
802
740
717
735
692
766
794
701
771
789
710
745
766
698
725
753
795
737
697
764
802
814
700
705
744
712
673
755
742
683
760
787
714
744
775
714
785
829
811
717
793
787
726
646
634
648
662
643
604
605
613
641
698
762
727
682
733
768
774
731
702
738
661
645
680
710
646
661
707
769
810
734
682
715
751
787
746
668
710
737
809
823
785
677
734
750
720
640
673
705
652
648
702
724
771
815
755
680
729
771
830
758
754
811
837
824
708
719
732
754
692
675
750
841
751
673
716
757
745
653
677
701
745
677
650
688
716
757
667
727
802
857
758
749
812
827
755
681
767
796
735
687
781
849
789
730
771
818
736
677
772
791
672
714
755
809
746
769
791
761
747
778
747
701
756
762
777
706
767
829
819
709
742
787
824
763
703
757
783
813
767
650
660
669
633
669
739
618
607
597
642
670
714
736
738
653
656
680
677
647
624
655
671
656
637
606
610
623
638
667
722
715
678
803
870
861
820
881
892
875
779
736
700
680
641
631
661
732
798
776
696
723
726
766
729
744
721
729
671
624
623
601
621
607
595
597
626
598
718
742
716
685
627
620
608
588
591
602
602
608
583
597
579
576
566
569
570
564
553
569
563
551
566
612
611
624
618
595
604
625
641
604
615
638
727
767
649
640
626
604
604
593
580
566
574
632
693
727
761
676
670
737
710
672
629
622
623
620
578
578
581
592
599
582
618
650
646
706
750
765
735
700
695
692
681
663
611
630
660
599
614
1239
640
602
602
605
591
577
595
627
639
660
624
616
622
606
598
579
607
624
592
596
605
620
641
604
609
644
670
686
680
609
628
654
676
694
702
623
621
655
678
675
612
606
570
565
554
541
534
550
665
665
605
598
646
701
772
717
684
722
718
683
639
689
729
723
645
673
701
698
688
634
657
672
673
619
616
646
663
704
694
632
660
734
750
725
647
724
758
737
646
684
699
771
721
658
711
754
735
711
774
828
826
811
838
854
785
692
736
741
707
683
727
756
718
724
746
786
754
752
700
647
646
635
660
635
610
630
632
644
626
598
616
638
641
640
604
627
643
663
622
668
623
640
669
699
679
733
758
672
650
685
677
702
639
623
624
649
684
717
676
635
668
694
706
647
718
749
762
663
679
710
740
674
647
654
674
718
719
657
709
708
723
629
627
617
617
606
601
605
619
725
715
681
673
717
644
660
661
683
731
666
692
750
793
727
756
713
694
725
708
642
626
617
600
599
602
604
595
606
624
646
626
752
738
794
831
821
707
652
655
679
741
751
754
651
640
630
623
664
710
702
716
670
643
636
656
649
697
670
675
628
640
645
648
671
626
635
646
654
643
622
603
609
655
646
623
605
614
639
701
746
700