349
4302
681
708
744
749
713
660
648
657
688
714
746
758
739
688
662
660
668
688
718
767
735
768
789
790
750
756
767
763
729
687
702
711
716
709
664
686
703
735
718
687
673
700
736
782
804
768
734
756
774
735
687
723
738
762
734
713
749
765
766
714
734
761
775
746
721
757
742
703
709
741
752
754
709
722
673
707
748
780
748
778
788
821
806
752
703
720
698
743
760
768
768
699
660
669
688
731
738
699
728
758
766
699
715
760
795
796
739
746
771
803
827
789
754
798
822
825
757
745
783
817
819
742
763
811
833
823
716
752
781
812
820
798
771
700
673
685
684
682
711
699
683
650
664
689
702
675
664
657
641
650
648
653
665
662
652
633
620
605
597
600
610
621
607
622
647
673
641
652
668
706
682
666
659
638
610
626
657
699
702
662
676
699
737
718
675
707
692
679
721
754
779
704
660
688
724
750
760
712
724
755
771
770
728
781
797
803
746
745
770
778
724
748
762
746
707
742
752
758
711
739
757
729
709
724
749
720
703
715
721
689
655
682
698
672
709
716
723
680
707
727
738
693
676
716
738
737
706
750
752
702
661
687
725
751
713
735
754
749
793
800
760
727
743
757
791
812
766
715
751
746
756
714
756
768
739
699
683
714
757
779
739
680
660
656
673
708
754
730
708
752
739
704
746
782
793
784
735
776
794
798
770
726
757
806
827
780
757
787
743
778
786
774
711
709
729
747
699
709
741
768
784
745
788
804
751
787
805
813
758
778
784
757
727
780
780
741
715
746
763
747
758
793
771
766
741
709
747
754
714
740
766
736
724
773
783
746
702
742
765
793
734
762
776
777
737
785
795
749
760
772
781
743
781
803
812
768
746
780
776
732
726
748
763
742
723
755
791
796
725
698
716
741
753
729
771
786
747
754
711
695
665
695
716
746
715
679
707
737
741
698
732
742
720
696
731
746
773
729
706
741
741
710
746
715
729
689
705
713
696
717
693
724
753
748
788
809
814
802
759
790
785
794
752
719
750
754
768
758
721
736
743
711
720
728
745
737
755
763
749
707
714
705
706
681
684
686
675
656
680
688
673
716
729
740
698
706
720
740
711
701
739
751
724
688
717
729
741
699
695
701
680
696
718
738
718
710
689
663
673
697
729
758
730
690
663
687
721
755
778
728
738
754
719
719
742
753
748
694
714
727
752
717
706
735
758
774
733
733
772
777
765
728
735
757
768
728
737
702
688
674
679
652
664
689
692
677
709
738
769
782
728
714
730
755
749
692
707
728
728
705
741
750
772
741
727
758
767
736
738
765
796
792
753
733
757
756
755
725
751
751
763
736
734
741
734
725
741
733
685
648
624
630
651
700
763
784
786
806
798
807
807
806
782
711
723
734
754
786
797
747
743
759
771
794
791
736
751
751
705
702
715
732
771
776
748
721
700
676
646
639
658
682
688
671
696
742
780
725
723
735
744
729
731
706
667
646
646
658
687
708
694
698
702
721
727
695
671
696
715
734
738
716
696
724
738
750
694
719
724
741
730
710
736
738
749
709
663
677
690
716
741
759
736
691
695
718
739
762
770
755
727
754
742
740
716
729
733
698
659
653
637
634
647
663
693
719
742
708
729
731
701
734
740
736
729
698
702
715
704
734
769
782
767
717
729
733
725
702
731
750
766
737
727
687
674
664
686
694
689
707
734
693
673
693
707
719
706
675
665
686
701
702
740
771
747
716
751
757
721
701
729
756
781
784
775
722
708
712
686
675
714
710
717
750
772
735
724
753
758
769
718
697
706
707
704
725
726
718
682
668
679
697
693
703
708
699
660
656
702
707
700
696
719
742
742
723
724
736
748
726
710
736
755
767
723
694
721
734
739
712
682
698
721
714
717
684
658
645
665
704
754
782
801
768
703
711
699
688
729
741
771
776
727
746
750
754
723
688
711
732
757
719
729
747
757
751
694
664
662
681
710
739
717
675
692
706
743
782
804
812
765
764
777
783
772
729
754
766
776
713
755
759
744
732
729
712
679
646
651
670
696
717
667
656
669
702
725
702
711
723
724
684
680
702
727
763
755
740
773
795
810
757
771
796
816
813
773
758
785
809
822
784
775
803
786
755
710
737
750
755
722
730
750
775
787
735
697
693
699
709
760
785
758
718
678
713
734
729
676
664
677
676
655
658
647
664
691
731
714
671
705
725
732
686
710
733
756
734
684
700
718
752
777
730
721
749
771
771
734
759
766
762
730
757
771
790
756
737
771
730
678
707
729
747
722
696
727
729
687
721
714
685
688
720
748
766
737
774
795
796
771
729
708
729
744
719
708
729
756
770
750
767
791
805
798
742
746
755
767
791
736
701
701
687
701
727
729
704
664
661
673
692
728
723
735
764
790
802
740
777
786
786
761
718
747
759
724
684
671
672
697
730
761
794
773
763
791
809
793
807
790
790
732
713
723
731
697
693
698
724
747
742
726
687
671
704
692
683
728
753
768
724
682
696
707
741
763
773
717
730
737
752
709
714
727
728
687
656
653
668
661
649
646
670
695
761
769
741
743
724
741
770
800
812
823
819
796
764
720
716
736
761
771
731
719
739
748
739
708
730
741
753
717
674
676
699
722
729
703
715
732
747
736
701
690
707
735
737
680
661
649
670
677
708
741
764
748
718
728
710
695
674
675
697
721
744
762
746
714
677
666
680
720
766
792
771
716
684
695
738
757
776
742
720
739
757
743
688
676
686
728
766
798
805
781
719
683
699
716
761
795
774
742
779
788
781
712
693
724
746
740
726
761
790
803
789
743
774
772
760
764
734
747
760
785
784
780
745
715
730
747
756
762
726
707
729
756
761
746
732
756
759
734
711
729
732
740
698
693
717
752
764
739
719
739
745
709
736
733
694
671
666
635
629
653
683
720
718
686
691
701
719
704
691
710
711
688
655
631
626
666
686
691
677
721
763
776
772
717
729
762
777
779
783
771
760
733
698
707
731
774
800
818
785
765
770
753
706
710
715
691
717
738
764
767
751
713
712
711
720
706
684
691
703
716
695
669
652
672
703
700
661
672
679
717
732
688
698
735
762
763
743
714
684
700
706
717
682
654
701
715
727
683
697
724
746
758
726
750
771
734
698
720
737
759
771
736
708
729
746
765
750
763
738
703
679
710
728
735
708
736
746
749
770
769
716
699
729
747
757
753
713
689
703
736
761
758
716
748
758
772
773
730
747
743
733
710
713
737
752
776
761
721
752
756
751
720
731
722
688
666
674
707
738
764
741
704
722
730
741
712
688
709
716
707
681
681
690
710
731
705
727
740
745
702
701
712
739
762
727
684
680
691
706
719
718
718
742
762
770
784
784
753
701
719
720
740
726
717
740
754
758
756
717
692
711
728
763
736
699
683
715
733
771
717
754
756
747
702
675
648
659
672
707
705
688
739
783
814
834
802
785
813
819
827
760
783
787
786
777
738
724
745
771
761
733
761
769
731
728
752
774
797
767
745
774
790
797
748
755
771
799
818
800
754
781
809
794
808
806
764
708
736
760
792
806
761
729
766
785
799
766
743
778
787
761
756
800
805
757
763
786
808
757
739
768
782
796
750
720
753
767
785
729
713
748
770
789
746
716
754
771
793
752
731
754
779
805
791
733
741
768
791
796
736
737
777
789
774
729
766
776
768
722
737
764
790
787
734
750
770
789
744
763
777
783
738
713
743
755
772
736
742
761
779
729
721
748
762
751
709
739
766
774
728
736
763
765
710
665
654
668
653
646
676
642
641
674
712
743
701
721
719
706
662
638
645
674
708
768
787
791
788
733
693
681
686
714
756
799
804
743
754
748
725
720
750
777
747
697
694
748
764
791
732
733
753
772
788
743
742
739
723
708
682
654
634
627
613
608
611
605
594
598
603
604
653
768
801
818
773
699
724
780
822
817
821
738
693
689
683
691
796
834
806
752
693
672
696
750
783
818
840
855
816
792
795
801
778
772
720
734
754
744
703
697
728
757
801
780
729
751
755
752
741
766
781
756
718
735
761
768
713
687
704
725
772
797
788
757
710
694
677
659
687
719
771
807
780
717
683
673
686
739
770
752
772
800
816
817
771
744
787
802
825
828
813
782
771
818
822
782
747
768
798
825
806
755
777
763
730
778
808
824
809
752
766
762
760
709
683
718
760
785
771
711
712
729
771
777
729
763
761
731
698
718
730
756
778
804
795
748
701
726
750
771
800
815
768
746
767
785
792
752
699
676
671
697
725
739
739
771
772
759
763
727
714
775
801
755
785
798
826
839
794
750
782
786
800
800
733
729
727
696
725
750
778
782
722
735
757
763
706
691
717
755
777
746
723
740
757
773
725
733
691
647
644
641
639
636
619
622
627
628
617
618
627
655
679
701
678
639
637
646
661
694
692
715
745
740
746
736
682
667
690
684
657
667
689
706
688
667
697
728
769
766
729
746
760
796
757
709
725
738
768
774
726
763
779
802
753
732
752
744
718
698
721
761
791
809
821
752
752
774
786
785
732
764
760
771
745
789
784
743
787
773
753
784
789
780
714
710
696
668
660
704
729
779
780
717
723
759
801
823
807
756
771
776
782
723
700
720
751
757
717
746
773
798
822
829
824
809
768
758
773
798
813
791
742
778
788
775
771
811
833
813
798
748
730
744
760
788
793
735
755
771
769
716
689
702
733
735
714
754
740
708
658
654
654
675
678
680
656
654
658
664
670
652
666
679
678
656
666
662
640
658
668
688
688
686
724
750
743
730
755
770
777
778
730
735
748
760
754
717
749
760
714
713
729
740
767
727
718
722
711
688
736
755
780
733
752
745
729
704
724
751
736
720
675
665
696
743
764
782
773
727
770
778
766
729
709
738
754
756
707
659
649
648
640
632
654
725
774
808
824
810
776
806
813
813
801
742
746
756
776
743
693
717
742
763
732
699
725
745
757
698
694
727
758
780
747
730
761
771
756
702
680
708
764
786
806
809
798
765
778
806
813
815
754
762
781
795
759
788
799
760
717
678
662
679
693
734
718
708
731
764
789
757
708
736
742
731
776
731
699
672
665
700
764
791
739
770
794
805
730
758
768
788
743
712
727
746
736
720
714
670
639
645
688
722
781
812
815
803
771
736
778
816
830
798
840
854
855
819
794
828
851
861
853
826
769
809
811
765
736
775
769
736
701
727
740
739
718
682
686
712
734
722
696
722
731
752
745
714
707
687
657
693
712
713
688
704
725
749
735
678
671
676
693
683
659
679
688
722
745
746
694
689
719
752
780
806
756
734
763
771
729
765
736
699
669
653
658
646
662
697
697
737
780
800
748
803
813
823
757
713
696
700
729
772
792
805
741
697
727
761
788
753
781
809
815
783
771
740
701
681
673
685
727
783
811
811
806
742
751
747
713
683
707
740
764
765
718
726
746
761
714
675
678
694
730
751
749
756
776
786
798
725
693
700
720
740
773
774
744
780
780
778
726
702
714
690
668
686
741
738
708
676
696
724
725
684
714
740
775
761
790
814
805
818
750
701
729
751
771
732
695
705
735
792
828
837
852
799
734
744
775
806
814
811
753
783
778
793
749
720
746
760
773
746
713
727
702
667
679
692
712
680
695
710
733
724
718
706
681
650
644
646
658
667
659
668
709
782
804
797
745
775
759
729
714
731
756
777
799
770
730
753
799
824
838
843
808
772
795
808
807
779
722
743
744
746
725
667
643
662
677
711
709
704
739
783
815
834
776
795
795
746
727
717
688
694
706
692
733
760
776
739
759
780
795
746
737
768
776
715
719
745
700
680
700
729
773
764
729
755
753
732
762
784
789
765
765
781
809
787
760
717
682
663
682
714
753
768
772
717
717
739
771
739
783
807
779
733
686
680
708
720
688
712
733
717
711
739
723
670
654
673
712
761
781
751
739
745
751
771
739
753
759
807
814
795
799
777
737
708
698
694
691
682
663
660
655
640
626
633
644
655
670
662
644
655
674
702
740
770
760
714
732
766
836
783
757
757
729
686
694
686
672
703
737
741
709
732
719
699
747
782
786
738
759
753
715
696
715
740
743
713
732
734
751
721
671
648
634
691
730
801
833
847
837
828
814
809
746
771
772
805
813
786
814
766
782
786
805
811
769
792
803
758
722
739
696
667
698
715
756
718
702
736
782
804
772
796
802
801
784
749
719
742
754
771
710
707
697
696
684
713
731
729
699
676
700
720
737
707
746
710
691
712
695
714
744
789
800
739
754
776
814
774
739
784
774
734
710
750
764
799
753
747
784
795
792
735
727
751
762
745
741
778
798
749
726
767
780
778
738
766
771
778
753
757
765
780
743
718
753
732
714
767
818
810
724
703
679
694
577
360
466
716
679
723
751
777
780
740
750
758
772
776
748
695
670
680
669
650
677
737
768
750
782
796
768
730
728
757
775
729
698
672
688
719
766
782
792
751
771
781
796
797
747
715
732
765
807
809
794
753
747
782
800
812
763
736
772
782
756
727
770
749
715
668
679
700
753
796
730
704
740
750
719
752
781
782
735
728
757
786
756
723
771
790
782
767
788
803
768
730
778
781
800
782
738
731
756
779
787
736
675
646
650
669
706
784
827
832
816
767
789
801
738
710
736
772
796
809
804
795
747
762
766
739
719
685
698
725
774
796
762
787
811
826
832
800
758
787
771
729
707
742
698
735
759
784
804
768
726
751
761
771
729
745
759
764
713
692
720
738
757
729
697
714
729
708
673
696
724
755
736
692
677
696
733
748
708
686
675
697
713
739
784
822
838
800
780
798
779
770
756
787
827
835
834
833
838
829
819
755
770
767
777
745
691
665
676
676
657
687
687
717
748
789
795
743
746
756
762
778
787
727
688
700
719
753
765
786
797
749
757
727
705
693
698
753
806
852
797
761
791
798
792
729
756
756
761
737
739
773
789
778
737
702
726
754
784
809
812
771
754
777
802
820
773
779
778
783
741
771
785
813
816
757
747
765
776
739
743
735
698
665
698
733
780
751
737
765
808
794
726
712
739
758
766
722
755
767
744
735
769
789
757
732
756
774
758
726
745
749
750
700
729
761
781
740
701
728
750
784
784
720
754
777
790
767
762
771
782
771
720
731
714
712
683
650
663
689
723
750
712
670
675
712
741
769
735
703
678
648
637
662
691
735
702
722
755
809
849
865
880
850
824
856
873
812
763
797
787
775
761
793
813
789
828
790
814
808
794
774
752
787
736
772
779
794
732
745
747
763
694
728
737
766
736
735
752
763
748
735
754
763
747
701
713
742
780
751
765
783
803
749
744
768
782
755
730
766
779
777
728
722
739
770
761
722
744
760
769
736
730
740
770
751
699
719
731
731
726
684
675
717
744
699
683
715
749
770
775
740
769
765
741
706
666
650
630
623
657
691
761
802
803
771
805
853
871
881
874
809
754
721
687
716
723
707
665
684
688
688
678
669
647
633
630
634
646
706
793
817
813
810
805
740
761
707
681
694
682
732
761
743
727
768
794
751
780
804
819
761
768
788
795
753
714
746
774
790
786
746
779
806
789
806
818
812
776
714
740
757
775
774
739
753
766
797
819
819
773
794
796
778
785
755
698
697
710
682
672
709
680
646
648
674
738
768
759
710
708
729
768
789
792
762
759
790
801
784
750
696
719
758
786
793
760
705
721
742
769
795
728
681
696
731
790
837
846
799
799
762
714
740
687
686
696
749
789
810
785
759
708
691
707
750
803
830
819
823
810
762
767
786
789
767
717
677
683
705
711
684
738
789
765
744
771
783
792
745
722
733
736
731
715
707
717
782
829
835
747
691
665
692
711
777
810
811
839
844
832
820
789
777
790
802
826
813
800
730
778
782
825
802
749
773
799
829
850
859
843
801
827
833
843
846
799
799
821
797
747
771
793
822
781
787
813
826
807
741
767
770
777
763
739
787
795
785
741
776
800
820
777
760
760
762
726
706
714
714
709
742
773
811
771
711
694
709
745
789
787
737
686
666
656
677
736
782
810
760
780
803
823
787
788
822
830
816
764
725
723
745
781
818
796
771
812
775
778
795
790
752
703
687
719
756
791
817
822
765
775
782
794
775
712
719
748
775
775
717
752
786
814
818
779
730
759
772
782
793
749
716
741
753
766
746
717
719
735
766
807
787
733
709
710
729
753
755
742
731
729
700
698
681
681
696
759
827
839
808
816
851
878
884
827
808
839
822
761
709
701
742
735
706
715
748
773
719
726
744
752
719
736
746
761
739
756
770
797
770
773
804
807
794
747
763
764
781
752
751
742
699
714
735
707
762
785
795
745
741
770
792
757
717
749
778
801
755
729
754
774
769
722
675
681
700
753
775
790
751
780
779
790
761
728
758
785
820
799
785
799
801
785
736
712
737
765
730
694
701
734
767
793
771
777
785
777
748
729
758
737
696
658
650
644
649
698
713
711
772
800
815
741
726
760
821
878
889
897
893
885
814
798
820
846
872
889
895
883
824
843
809
831
838
800
754
795
810
832
823
754
759
719
699
694
711
748
783
805
776
770
785
724
711
753
774
797
812
773
755
779
784
782
748
749
762
781
792
740
717
735
754
781
728
731
752
799
817
788
781
797
797
762
753
783
786
759
714
740
759
750
697
701
718
770
797
770
720
723
734
776
823
831
835
798
759
803
836
861
856
800
796
823
774
771
812
854
843
768
783
819
856
880
890
848
791
769
800
829
861
874
808
807
829
857
820
746
718
752
799
834
849
795
753
787
813
830
780
730
734
802
870
876
795
772
813
863
890
883
837
806
837
785
729
692
672
684
714
775
830
843
734
721
687
684
659
646
637
634
624
611
603
598
601
598
612
631
673
708
726
707
670
638
3617
616
632
636
634
626
611
608
604
604
618
606
605
601
613
651
712
760
791
822
834
844
806
799
805
813
773
773
795
816
828
844
824
777
771
754
755
744
695
706
708
711
657
646
648
661
682
688
669
645
657
674
680
683
663
627
624
649
650
672
679
660
644
644
622
614
604
604
602
604
603
595
593
593
594
593
585
582
583
588
598
617
610
611
633
649
647
649
653
653
662
648
660
632
623
607
607
606
604
611
611
611
612
602
589
596
586
599
603
607
602
600
588
580
579
574
572
575
575
579
576
576
577
576
573
568
572
1151
582
565
587
606
1226
655
675
675
659
655
662
677
669
632
632
626
634
619
627
628
605
610
615
610
607
615
605
592
604
606
617
636
632
617
625
631
626
642
646
631
610
604
608
608
604
599
590
615
640
652
662
690
715
738
754
704
693
699
653
628
617
617
627
638
655
684
696
681
697
699
719
739
756
783
812
808
775
723
713
711
704
703
711
696
741
831
792
789
749
703
668
659
663
667
636
640
650
641
649
657
650
639
621
620
645
667
695
684
720
776
798
744
776
733
691
713
726
733
743
779
738
714
730
772
775
760
784
786
748
734
726
717
751
760
728
750
726
715
700
718
721
740
712
733
728
706
716
699
674
704
714
701
665
647
659
676
678
692
676
645
646
653
673
687
672
702
718
707
706
724
734
711
737
713
673
672
670
688
671
665
669
681
687
681
681
688
688
676
646
658
674
672
648
663
685
673
661
671
683
657
624
624
639
654
673
660
689
700
684
675
692
683
701
684
659
683
675
659
658
675
658
644
643
654
661
654
667
669
669
646
655
655
637
621
617
619
628
611
597
590
598
600
584
574
576
573
589
617
641
649
629
660
687
693
667
670
713
759
784
768
773
736
673
662
658
680
660
651
658
670
687
697
696
695
660
637
644
664
692
752
770
793
784
787
770
706
663
657
659
673
693
689
663
666
662
663
654
661
679
703
690
725
708
719
676
665
688
704
662
627
640
646
661
702
724
730
735
741
720
703
714
714
748
764
788
806
793
771
773
779
760
796
824
802
786
755
718
733
735
727
701
700
669
680
686
687
675
694
675
654
645
655
671
685
661
688
680
671
676
687
722
689
684
702
682
649
646
672
691
677
656
663
686
649
656
696
684
688
712
729
757
757
750
731
750
757
767
741
748
750
726
708
727
730
745
708
657
660
655
662
680
658
646
659
661
663
635
635
659
670
665
668
676
705
729
738
749
729
668
663
670
708
722
724
717
699
697
698
720
694
703
710
736
739
737
708
716
723
717
707
684
683
689
716
734
726
721
740
753
740
756
760
721
671
675
668
692
668
655
652
679
677
666
698
680
692
707
705
690
718
726
706
703
718
744
751
753
776
805
796
729
737
749
732
734
726
730
716
722
724
717
723
733
706
724
724
673
670
685
666
646
652
645
661
675
702
721
700
657
659
663
690
707
725
726
680
683
676
671
697
734
761
752
751
755
742
710
683
688
715
767
744
746
756
693
739
752
722
699
698
703
675
676
685
686
668
684
683
687
690
710
730
728
739
706
717
707
696
698
716
691
668
657
664
657
688
676
664
674
686
665
665
675
694
702
720
718
715
728
689
686
704
711
692
667
639
647
649
662
692
667
640
660
658
663
649
659
669
684
688
675
689
708
694
665
647
648
646
634
625
630
634
653
658
658
646
653
637
649
660
675
684
682
689
675
646
620
621
644
666
699
715
749
767
732
719
706
708
697
667
678
694
692
715
745
720
674
688
701
721
690
680
682
664
653
645
657
647
650
674
672
660
693
706
676
491
847
639
653
648
636
634
557
683
603
597
594
594
596
587
576
581
584
598
596
592
595
604
589
607
583
604
629
658
675
620
624
633
651
676
692
682
642
671
678
648
644
626
611
631
629
630
626
626
631
636
645
645
642
667
676
660
651
654
633
615
611
629
646
655
653
682
706
728
685
647
643
657
688
714
741
769
778
775
738
769
776
768
779
764
725
694
721
755
781
729
755
771
712
781
736
701
714
699
761
797
768
730
721
740
770
792
794
729
719
737
719
693
730
758
727
711
754
813
798
776
819
834
1540
704
676
674
667
677
674
687
704
742
741
719
719
738
726
763
807
843
850
831
890
896
852
816
869
872
803
787
765
727
763
813
874
791
767
814
858
839
775
815
813
768
817
854
856
777
781
825
867
797
777
856
865
780
754
800
800
773
811
863
793
795
848
881
789
784
829
740
715
675
675
679
688
692
704
680
689
672
680
677
644
622
633
663
673
693
692
687
676
707
743
781
774
778
823
861
882
896
894
894
902
865
792
771
829
771
762
833
817
758
825
846
810
782
779
734
757
802
827
792
841
838
776
783
832
826
721
687
685
693
762
724
693
701
746
799
854
894
913
938
942
939
867
770
732
708
736
822
774
724
727
732
715
851
769
764
750
762
889
911
909
909
897
888
859
846
793
787
783
777
735
718
725
758
767
864
885
811
802
809
830
822
735
695
697
713
754
819
847
854
812
798
795
739
721
722
688
797
799
799
783
733
699
687
711
696
679
699
682
836
909
850
762
755
703
735
864
859
762
715
702
730
760
731
753
846
820
735
694
690
688
688
854
903
893
889
872
792
727
699
659
726
859
870
779
694
702
725
810
786
757
704
745
782
782
753
748
775
799
831
779
742
754
781
769
727
679
672
668
741
767
849
870
771
757
696
807
857
822
735
758
686
712
743
700
672
682
714
686
707
708
683
707
680
653
628
628
634
652
679
675
652
641
661
700
710
712
746
756
769
772
721
674
661
638
665
642
726
748
811
832
834
814
732
685
688
673
681
763
723
684
721
719
705
720
788
794
740
769
774
768
765
743
708
666
682
706
750
787
734
710
673
742
839
836
734
762
713
706
763
793
762
689
699
688
689
689
653
670
673
656
653
712
708
697
724
776
787
794
762
695
704
678
665
713
757
715
667
674
664
739
806
826
849
843
737
739
724
692
688
722
691
715
746
807
817
740
756
729
701
726
682
771
777
810
810
715
745
729
756
694
738
702
854
785
721
680
704
657
640
640
623
633
679
750
760
729
830
766
733
761
793
795
723
739
755
739
758
737
806
889
883
824
824
814
771
710
706
766
755
771
868
857
776
788
808
798
747
758
768
745
720
762
793
724
687
691
729
771
763
778
747
810
803
747
755
784
813
779
719
677
712
735
786
777
719
724
767
773
735
711
749
688
660
656
684
729
784
784
707
722
721
703
684
683
717
754
775
729
691
715
731
750
719
689
707
684
714
740
781
727
669
661
694
768
824
841
840
820
761
773
771
735
702
694
661
687
740
798
826
776
798
804
814
789
725
739
750
767
798
791
790
738
683
688
715
718
719
725
730
798
828
842
784
743
765
792
789
787
733
756
773
729
764
813
849
772
788
800
820
807
736
677
673
686
765
816
793
695
711
712
680
699
723
711
749
787
813
761
729
748
789
768
758
794
810
801
739
768
750
704
729
721
700
701
739
775
769
713
745
774
739
723
759
732
696
725
749
712
701
731
765
783
756
727
755
771
769
727
706
735
745
757
765
715
675
664
670
689
694
725
765
729
738
756
748
743
779
800
815
757
746
769
773
724
711
788
787
748
777
790
767
763
791
809
783
727
751
775
784
724
704
727
747
754
718
737
740
709
667
693
718
750
724
703
731
762
760
708
729
735
739
709
697
723
755
721
755
787
821
768
730
761
760
771
734
690
710
732
731
712
683
713
760
778
791
747
771
790
766
779
737
770
767
746
704
683
689
732
777
817
809
756
786
798
737
707
729
764
758
718
748
774
782
751
744
767
787
781
759
795
788
756
718
733
761
773
730
719
746
754
757
705
724
753
779
766
733
751
770
749
694
698
686
676
705
688
718
754
729
709
756
769
731
707
739
751
735
727
756
754
713
738
718
680
657
644
656
751
807
820
821
817
777
787
813
837
853
851
829
791
802
817
830
769
759
786
799
742
705
770
776
735
757
780
775
738
711
722
742
752
726
749
765
773
776
732
728
736
747
733
701
697
712
733
724
688
711
738
738
735
766
781
788
751
735
751
729
698
711
700
664
680
707
748
752
718
706
739
770
779
734
715
731
747
767
758
727
721
741
737
723
722
738
717
751
765
771
735
760
754
770
741
741
760
765
728
706
721
688
697
685
651
641
656
662
649
626
637
662
683
725
755
792
770
717
702
728
761
790
808
811
741
695
695
713
724
770
864
815
793
768
788
802
764
746
742
801
804
821
804
730
688
682
700
695
762
806
763
778
794
804
828
837
803
766
781
798
781
738
701
737
721
723
758
805
747
770
794
809
794
758
772
733
727
763
784
800
798
767
795
809
771
791
775
732
679
683
706
763
810
803
758
762
788
813
837
839
803
823
843
846
812
762
778
809
821
781
804
822
793
738
726
769
719
688
683
688
738
772
840
851
799
771
771
737
787
798
742
726
727
698
704
723
675
652
654
674
686
705
720
763
782
781
805
790
777
802
828
821
760
699
683
727
778
837
847
790
752
765
788
775
760
772
805
849
826
748
760
728
715
730
698
717
748
764
739
705
677
701
743
741
691
673
700
721
723
704
693
733
771
804
835
796
792
806
811
759
761
775
767
729
745
747
712
738
708
690
648
633
698
672
656
646
633
631
628
625
614
612
626
625
659
696
730
722
686
728
729
696
737
755
763
796
821
829
825
820
771
759
726
702
698
729
759
743
731
763
781
791
755
766
785
800
804
756
766
762
790
766
751
771
771
732
725
757
741
715
748
773
771
733
762
760
717
689
745
777
752
716
743
714
721
762
808
815
802
766
810
829
812
771
810
825
775
793
828
781
757
789
800
751
783
795
808
769
800
782
729
697
697
729
753
777
751
777
782
733
773
810
825
759
772
775
744
746
760
773
748
774
769
776
733
771
772
742
708
763
790
754
775
794
749
792
790
734
704
683
700
655
742
771
707
695
728
761
740
695
722
753
765
737
765
780
741
754
778
783
744
771
772
776
729
758
767
751
733
772
779
750
733
749
749
703
689
707
728
693
719
756
731
699
725
735
745
720
746
745
749
729
758
762
737
770
777
742
744
783
823
795
801
818
813
769
763
786
803
770
780
788
788
719
715
752
801
791
768
797
790
737
736
758
810
822
763
772
769
803
833
853
775
813
821
792
747
791
796
735
684
694
727
747
737
765
811
831
793
774
805
820
761
755
779
789
721
723
769
796
792
769
791
783
750
788
789
757
776
786
786
765
784
785
753
785
805
750
778
773
715
732
773
745
699
716
741
750
804
832
770
796
815
806
748
753
765
761
728
697
726
800
854
810
854
848
837
785
812
806
757
732
746
786
805
755
747
778
798
738
748
775
781
740
769
776
736
706
718
677
655
666
696
761
822
826
819
830
810
818
851
854
854
892
894
884
843
870
884
857
881
903
905
862
807
835
805
828
789
759
784
817
828
775
814
836
843
802
792
816
833
807
731
766
789
775
725
732
760
804
820
771
785
813
788
736
684
689
735
763
714
708
745
798
761
739
781
822
781
797
826
782
736
784
805
746
761
804
825
852
770
806
809
822
768
815
808
758
694
659
636
654
684
720
755
798
771
807
844
824
853
863
846
826
848
855
822
775
824
771
711
713
758
815
745
703
727
703
694
708
690
733
786
740
703
721
748
792
818
814
732
725
733
749
792
811
816
834
767
745
782
819
843
729
710
700
734
760
713
769
864
892
893
896
896
875
800
781
818
860
873
869
805
732
758
799
841
854
788
790
816
851
873
865
817
735
754
775
727
761
773
748
740
765
813
846
862
883
882
839
828
824
850
858
833
778
724
738
764
800
839
794
772
819
822
824
778
703
720
759
816
836
794
732
723
727
710
696
678
688
728
773
823
842
864
815
785
803
815
832
853
813
805
817
779
733
701
722
762
809
757
693
662
694
745
795
780
769
823
854
821
754
785
815
829
832
777
793
803
807
771
796
797
797
810
811
767
711
748
785
823
791
768
801
816
823
769
811
825
829
740
718
759
787
827
763
808
841
816
773
817
833
834
775
802
804
771
743
767
785
812
746
752
777
781
723
661
647
666
700
747
750
715
658
655
672
720
791
842
860
882
887
897
893
902
879
813
769
770
806
829
874
901
904
900
897
854
809
835
843
865
849
789
772
806
821
813
772
797
814
819
773
805
835
847
800
824
838
785
797
832
843
763
716
720
736
735
693
691
746
791
749
706
714
772
854
856
778
826
849
871
813
824
854
851
865
813
812
835
844
771
800
835
861
876
828
755
757
796
849
859
825
765
716
736
835
888
868
868
898
887
851
793
827
866
873
882
856
774
832
836
830
775
777
708
675
713
784
748
767
852
830
750
796
849
842
809
771
823
852
880
876
885
860
800
845
843
831
817
777
771
797
809
769
724
733
777
816
843
838
752
747
758
810
788
752
794
831
853
818
763
826
848
854
803
821
835
815
751
717
706
685
668
729
782
788
819
828
855
882
823
806
830
854
826
801
842
871
830
823
860
860
799
830
830
777
735
767
795
780
729
725
772
820
808
768
842
861
829
778
825
867
876
825
810
867
885
849
801
860
883
880
832
854
876
882
811
787
844
862
828
789
839
863
857
790
812
854
876
809
833
854
857
802
838
860
872
818
847
872
846
786
806
836
838
782
832
860
823
822
878
887
815
793
812
860
878
820
785
856
876
840
784
770
838
861
831
798
846
871
810
851
872
851
783
834
780
719
682
647
648
637
637
637
615
626
616
605
602
598
595
600
666
721
763
710
666
700
747
767
772
713
699
690
695
705
664
649
681
654
635
662
697
689
675
677
733
754
759
716
779
869
921
889
773
793
766
785
838
863
826
791
848
875
791
844
873
849
795
813
852
848
812
759
800
821
781
753
782
801
760
758
725
696
672
694
779
858
848
751
723
748
789
842
781
762
800
848
880
885
906
909
903
879
833
850
876
891
872
839
797
823
835
849
790
777
820
825
772
723
766
781
756
719
746
800
854
874
812
771
717
690
719
772
854
795
733
799
816
763
841
865
877
810
796
835
864
841
818
862
861
829
763
709
670
656
642
628
631
673
727
767
747
712
718
738
707
678
686
740
802
839
826
762
760
744
759
744
718
690
652
641
642
646
631
622
615
632
688
771
751
788
829
778
725
728
771
835
854
881
822
799
864
880
868
853
787
729
715
747
792
828
813
801
845
871
875
835
859
869
878
880
872
813
842
847
791
813
834
848
792
810
834
790
762
819
848
812
802
848
818
846
863
816
760
818
849
862
797
829
849
829
775
820
757
747
790
725
813
769
729
771
809
802
772
816
847
859
853
811
785
809
854
871
827
778
822
820
783
776
819
836
869
823
821
839
780
832
847
805
809
862
864
761
782
822
868
821
748
718
755
795
860
821
804
848
871
844
787
833
845
846
770
752
799
833
851
799
836
857
868
824
807
868
867
802
861
875
824
814
854
828
761
774
813
839
804
832
870
860
777
764
798
814
790
735
765
735
763
812
830
790
833
805
742
787
787
744
806
800
746
764
807
838
839
793
734
779
801
802
757
778
725
715
727
790
838
812
750
747
701
668
644
644
646
646
659
754
837
900
946
962
977
921
813
880
907
897
912
917
917
920
894
813
832
868
879
805
812
838
869
806
823
850
878
870
791
799
825
828
781
798
821
791
733
755
780
756
763
791
838
793
762
811
847
809
860
842
773
816
863
879
816
857
889
831
852
893
918
846
891
898
863
793
829
858
800
780
818
839
810
772
814
864
883
813
850
819
794
731
707
729
776
779
720
739
779
824
770
773
813
839
808
824
854
881
887
814
840
854
862
808
810
845
859
783
807
840
866
817
810
845
873
803
827
858
881
836
849
879
884
822
829
858
844
785
829
846
803
762
822
853
835
781
849
867
826
771
817
828
818
757
803
824
808
752
795
830
830
786
795
850
848
783
821
847
799
764
826
828
777
801
823
805
757
813
848
872
778
726
735
749
783
819
768
815
813
799
760
811
789
732
734
690
660
668
704
783
832
854
821
851
864
886
878
836
873
884
884
893
854
886
898
882
803
784
795
739
694
687
725
783
792
770
838
888
859
843
882
900
834
757
771
808
794
742
715
738
771
860
912
873
833
881
901
828
853
877
886
848
838
854
869
813
833
854
840
768
806
842
861
799
813
847
850
778
743
800
761
729
763
819
819
793
851
840
771
811
852
878
845
798
855
872
834
781
828
855
881
817
829
851
878
817
799
854
854
760
779
832
847
798
746
787
755
713
767
750
765
826
824
755
800
843
885
908
917
869
862
889
889
840
885
895
875
824
865
874
870
797
845
874
884
837
824
850
867
826
813
862
868
879
813
834
861
879
833
807
821
840
781
835
844
845
771
806
839
873
827
813
865
881
850
834
862
864
794
778
817
838
821
803
848
867
830
801
845
857
785
752
692
660
671
646
652
640
629
620
614
606
604
606
609
626
622
616
616
637
656
666
638
644
658
688
701
713
755
771
769
716
732
768
766
724
682
726
749
738
741
779
792
798
745
787
814
833
762
755
763
713
750
777
748
813
819
806
1684
784
717
742
810
858
816
757
780
831
854
805
771
767
728
736
761
827
841
850
781
836
848
860
782
826
860
896
900
842
875
877
875
807
757
818
853
771
817
778
737
769
796
800
763
738
750
744
717
726
707
665
643
636
638
635
628
628
617
631
662
686
746
781
811
876
872
905
922
904
890
833
775
797
850
874
883
871
819
856
900
871
820
870
912
923
839
867
896
878
823
838
854
829
776
792
818
857
792
794
831
853
798
759
797
831
803
738
702
686
683
692
677
723
767
729
773
820
768
820
847
878
835
769
786
782
769
731
741
780
789
781
700
694
697
660
662
656
661
707
690
647
645
624
619
640
732
724
697
748
771
777
828
872
865
805
738
787
818
837
838
777
744
781
788
756
749
806
788
752
786
797
817
859
867
863
799
821
833
852
814
792
830
827
779
775
839
854
792
816
787
731
782
799
845
852
837
755
781
809
842
857
863
809
810
804
787
800
813
772
723
719
775
761
725
752
755
711
739
801
842
871
832
763
796
830
845
784
754
786
793
732
764
776
764
800
835
854
852
785
718
758
799
852
862
809
768
776
736
752
814
863
884
889
829
751
776
813
851
826
808
857
866
831
826
844
848
823
757
769
825
850
830
768
802
820
779
722
717
677
743
772
744
793
815
840
795
776
814
839
774
823
820
837
776
811
829
844
788
813
822
800
738
758
782
794
766
733
769
818
878
855
802
743
724
752
779
776
833
868
854
858
864
853
785
733
752
792
823
789
765
805
831
808
778
822
844
840
785
780
796
770
750
798
781
737
680
692
736
796
737
688
759
817
839
780
792
830
854
861
807
830
823
776
808
800
811
771
725
760
783
801
788
737
779
817
769
768
781
786
778
743
776
813
837
798
797
822
850
813
758
812
827
811
745
769
791
799
766
701
688
673
655
734
786
789
734
731
775
818
817
785
822
848
823
779
767
818
846
788
815
845
798
796
812
734
734
736
741
736
742
759
730
683
686
698
767
789
742
768
843
854
859
792
748
802
835
854
857
849
829
763
714
719
751
805
826
841
854
816
777
800
837
848
816
772
798
806
805
813
839
863
849
752
737
828
822
821
793
798
832
846
802
752
796
830
857
849
818
834
852
852
780
813
820
771
755
784
828
874
881
866
814
766
813
826
826
775
773
785
797
758
780
816
819
787
748
763
799
813
842
793
841
850
833
759
760
797
818
813
742
742
766
739
754
788
802
781
733
752
769
795
778
753
720
766
790
805
765
787
800
819
754
761
792
809
792
732
701
668
688
737
803
837
849
850
851
846
842
781
788
798
815
817
785
716
722
742
799
820
813
769
725
739
760
720
729
761
803
764
806
778
723
743
748
709
688
747
809
826
839
831
833
824
778
735
690
711
744
791
813
765
757
799
819
795
744
781
807
821
815
817
754
759
783
791
811
779
781
807
810
792
774
761
780
755
719
695
733
757
763
729
773
795
797
799
797
794
755
807
790
751
722
744
774
789
804
805
781
731
750
776
792
810
818
774
792
796
807
770
723
736
727
726
765
777
710
716
749
694
716
759
779
776
753
788
797
754
702
712
683
653
623
605
597
604
600
644
679
722
751
729
733
738
701
663
648
621
625
655
696
722
742
770
784
786
796
807
730
773
784
805
831
812
806
790
714
751
752
725
683
639
627
666
741
786
778
796
833
852
874
874
870
874
808
754
800
816
827
831
789
755
790
825
823
852
858
821
800
825
842
846
785
759
793
817
831
789
735
738
773
824
850
879
849
775
824
843
854
782
713
727
677
662
642
646
629
616
604
596
521
608
579
563
558
553
552
566
587
605
637
664
708
752
767
771
755
761
747
686
695
654
628
640
750
724
734
815
869
844
797
825
856
866
858
816
848
861
864
821
808
853
877
869
854
766
767
720
732
735
719
751
783
792
809
751
743
743
738
724
688
703
716
734
787
743
759
816
816
797
708
712
681
669
651
677
661
655
684
688
697
712
676
656
671
675
681
680
683
674
659
638
642
654
674
643
639
626
625
639
647
651
621
626
619
660
625
649
651
668
650
620
625
639
671
721
795
815
819
772
746
721
743
779
816
778
729
669
691
743
696
729
741
736
731
687
666
676
695
721
744
713
666
649
645
637
644
647
624
656
667
705
750
768
782
780
771
761
773
791
792
808
820
829
814
783
808
772
755
778
764
711
654
649
666
725
763
787
758
771
773
798
769
806
754
712
701
810
820
760
798
819
787
759
763
758
717
682
728
785
806
771
746
799
823
750
778
800
824
816
815
833
853
823
840
875
891
845
802
839
827
761
797
865
896
906
900
879
880
904
905
905
904
871
872
892
888
863
881
886
820
864
896
854
834
875
882
852
841
861
869
881
840
803
832
855
871
812
768
818
875
893
878
846
868
885
878
829
866
887
862
871
871
894
832
857
863
858
812
854
860
830
816
842
855
803
830
820
757
781
727
744
681
677
687
745
765
803
815
812
764
695
660
663
653
683
679
659
649
642
617
603
616
616
664
757
781
793
806
818
788
825
833
785
778
751
758
784
768
769
762
747
857
902
900
902
904
896
886
838
856
860
850
819
774
718
680
640
617
606
644
778
892
911
917
933
932
927
848
891
921
944
947
925
854
896
915
923
918
862
809
850
889
918
908
870
844
810
785
817
767
754
681
706
750
755
742
787
847
800
746
717
693
680
682
691
675
649
655
688
687
677
783
844
856
869
872
875
790
774
832
874
878
819
731
735
790
826
791
792
715
658
630
638
667
801
768
800
892
900
905
900
885
812
847
864
901
902
906
872
858
863
918
920
907
873
787
729
692
712
696
648
652
649
778
866
889
912
922
931
926
876
874
890
912
911
922
918
899
864
825
776
778
841
843
799
759
730
712
679
688
642
631
627
623
692
704
698
778
813
726
710
746
800
835
766
787
818
789
793
896
932
933
936
946
915
922
935
903
932
937
924
923
937
933
855
894
906
840
792
784
740
734
689
667
660
688
795
878
900
834
869
811
765
843
770
823
863
860
736
704
725
767
730
731
739
752
692
689
672
680
659
635
622
632
618
602
591
593
612
655
679
693
662
628
624
635
680
811
857
842
780
720
735
797
867
872
856
883
837
877
914
886
872
922
920
927
926
918
901
895
835
824
856
864
833
877
856
852
791
733
766
812
866
879
857
847
788
744
712
692
675
651
644
678
761
831
870
888
872
797
779
833
858
885
909
928
887
896
862
768
747
726
716
669
648
638
619
603
600
592
591
603
685
744
788
760
835
869
876
873
921
933
937
934
928
931
897
886
885
863
778
729
700
684
657
644
626
639
624
651
720
789
747
709
801
862
886
902
854
896
924
929
942
944
930
906
909
888
834
854
813
753
728
700
670
656
646
646
677
754
809
799
762
710
770
807
834
873
893
888
800
807
840
844
761
703
726
800
869
729
775
730
789
831
765
733
754
779
785
729
738
764
771
731
757
771
807
788
801
756
763
759
771
783
781
738
750
739
747
771
753
705
674
740
781
821
838
843
830
819
812
808
784
786
793
754
704
738
781
776
790
802
780
782
785
801
788
805
823
834
859
862
872
864
829
846
847
857
799
807
822
826
805
821
837
828
806
802
753
732
722
751
802
830
807
774
771
753
742
723
759
813
848
829
856
876
879
829
836
854
845
853
865
851
873
873
842
786
772
729
720
746
756
802
840
815
820
842
812
796
802
791
771
744
757
756
721
755
736
689
693
700
740
719
676
640
640
661
665
665
659
706
763
723
796
844
781
813
831
775
722
746
814
865
858
869
866
869
880
862
887
901
888
847
849
796
757
744
770
752
750
791
822
809
765
752
721
743
736
754
730
784
826
866
773
743
736
806
784
865
881
823
743
808
772
806
785
829
753
771
663
1585
720
755
759
709
743
735
717
725
705
739
731
771
789
802
829
840
857
863
854
841
828
843
850
735
696
715
728
690
676
732
752
831
864
904
912
899
773
781
790
771
804
824
872
887
913
842
907
837
877
855
840
726
730
717
702
698
719
747
813
862
883
845
752
777
790
796
851
834
800
748
802
792
871
889
896
785
754
769
712
741
768
743
822
811
761
789
868
883
898
885
875
875
800
819
813
840
739
782
812
817
718
733
745
773
800
805
812
811
784
771
758
733
702
692
663
653
661
681
711
662
681
682
665
685
708
708
739
730
718
708
704
655
657
668
651
662
678
705
693
733
765
752
727
778
729
784
768
797
731
725
773
773
714
733
749
743
758
723
729
684
644
727
739
690
765
839
862
754
686
724
744
766
789
788
782
791
745
694
675
714
693
720
771
718
748
762
717
703
748
706
702
685
702
670
618
624
604
604
639
694
729
713
760
799
829
802
784
709
771
742
811
826
832
831
744
793
820
821
826
802
755
744
786
726
770
791
814
742
782
793
811
786
756
768
697
715
687
659
697
664
665
652
679
688
686
742
780
863
864
794
772
814
769
735
751
724
708
705
701
646
692
661
720
692
718
726
819
860
868
854
832
790
715
745
759
786
789
722
748
743
725
727
715
706
710
713
755
789
821
804
788
795
779
770
712
672
641
646
636
646
666
642
666
671
691
682
666
676
634
650
678
733
776
771
805
811
767
810
819
774
770
785
776
771
825
785
783
812
825
846
841
819
763
725
729
727
746
756
823
846
860
832
865
860
835
818
794
731
717
703
667
663
670
699
733
726
721
701
722
808
792
778
814
813
740
765
765
790
813
804
803
799
746
787
748
776
737
762
783
761
729
689
659
648
641
630
640
689
767
810
840
862
854
843
755
719
744
776
813
838
850
829
843
761
759
729
692
741
785
805
774
758
766
765
778
793
814
810
812
748
720
729
758
725
745
771
771
771
743
758
701
738
766
797
831
839
842
818
728
722
719
733
779
813
822
751
751
752
797
798
819
781
813
818
750
774
723
771
742
805
820
823
773
799
748
717
682
662
689
679
697
692
739
764
794
797
777
757
726
674
702
741
804
814
812
797
795
789
745
695
691
691
696
720
732
726
767
797
820
820
818
849
824
794
787
799
748
695
702
713
756
781
796
815
802
780
744
744
696
658
706
734
755
750
766
734
764
789
809
790
779
720
677
675
667
628
612
613
615
641
620
645
635
714
723
772
810
835
732
745
725
763
736
758
761
810
814
836
753
699
747
782
777
729
713
660
663
681
716
712
725
724
751
783
791
725
744
740
744
738
772
785
791
744
728
717
733
759
723
724
661
664
659
649
681
719
762
782
781
781
762
702
650
678
676
725
716
766
715
760
810
829
825
834
727
747
751
755
688
699
733
772
784
780
735
755
771
771
699
715
697
701
673
698
779
751
770
773
770
720
701
664
660
684
675
657
659
651
652
638
646
673
697
710
712
708
699
719
729
723
748
745
739
675
677
641
657
653
652
658
689
711
737
736
741
746
702
685
700
685
658
682
728
732
689
708
712
704
679
684
694
710
719
725
738
745
772
766
772
802
753
796
761
722
779
797
813
752
778
729
780
817
791
834
811
733
728
759
784
824
813
740
766
730
771
728
776
780
805
807
811
819
816
746
730
725
726
766
705
698
721
773
767
782
810
758
784
732
788
786
771
796
739
774
792
834
848
841
835
820
791
767
764
786
750
750
700
710
716
692
685
657
635
645
644
642
640
645
618
636
644
638
662
693
698
695
675
651
642
637
636
624
629
622
627
641
637
683
766
766
816
846
854
829
786
832
871
886
834
857
773
820
833
814
805
811
823
825
801
776
810
755
769
758
751
729
718
742
782
797
783
806
794
809
809
775
718
715
704
729
730
704
666
667
664
655
633
631
630
653
676
733
727
688
648
659
650
649
688
734
756
764
776
781
779
780
758
768
758
789
787
749
771
742
691
664
668
649
672
741
803
815
796
771
771
777
800
814
833
836
844
822
836
841
746
778
795
825
815
799
751
730
755
749
720
775
793
765
818
854
873
871
791
753
745
731
794
826
824
736
729
718
742
779
809
843
866
890
899
912
813
850
885
888
884
867
772
726
744
734
729
792
785
735
754
768
771
712
752
720
767
819
764
725
803
840
882
820
850
863
863
893
878
813
818
855
886
852
875
888
891
885
846
745
745
775
818
808
834
859
873
836
848
827
871
884
785
737
688
683
649
635
663
682
728
698
719
697
671
667
672
699
744
775
726
703
719
662
634
646
689
739
772
713
716
689
717
705
690
727
760
750
759
737
771
800
812
846
837
813
780
758
765
762
711
716
751
761
773
808
814
827
803
748
716
682
667
694
717
804
820
840
813
783
841
821
812
823
776
728
738
734
749
796
830
838
859
811
734
855
891
839
895
890
891
873
843
800
765
742
743
719
729
771
773
788
825
827
842
862
834
813
813
770
711
723
697
686
694
742
779
792
834
838
785
819
867
842
809
854
804
805
874
817
876
873
842
803
787
810
868
854
832
767
771
765
794
809
856
888
871
872
846
810
827
836
863
897
899
867
846
837
824
739
726
709
750
792
806
803
814
802
798
775
733
761
728
748
729
701
721
692
686
689
724
710
685
667
647
630
620
609
608
618
650
623
646
636
670
688
717
724
725
695
667
651
631
631
646
668
710
674
672
693
721
723
726
694
729
689
659
651
626
631
615
626
638
666
638
672
718
774
827
830
825
806
790
770
785
777
735
688
670
658
647
663
734
828
870
887
905
891
889
894
800
760
743
730
680
748
794
838
866
876
876
870
875
875
867
862
807
806
828
852
854
870
867
868
851
849
803
828
817
788
780
786
808
744
708
731
700
697
749
716
707
704
719
715
752
810
843
839
823
721
713
691
718
758
813
843
792
841
854
779
787
784
740
731
710
750
852
898
890
819
880
867
861
773
744
727
701
725
773
837
822
774
729
825
841
829
812
843
877
879
868
768
781
826
853
861
884
881
851
762
813
860
822
787
718
715
752
802
852
860
861
841
840
819
774
778
783
817
852
875
873
802
842
774
831
858
867
761
770
748
724
711
657
644
634
631
635
643
657
663
650
648
659
651
678
808
767
760
745
753
727
744
725
688
698
706
667
679
707
726
735
764
760
721
733
754
770
740
745
749
756
788
806
816
837
816
832
742
795
820
853
796
739
717
694
732
798
810
815
788
795
786
806
775
782
786
802
863
862
848
738
750
753
671
677
661
679
646
663
645
691
727
708
751
807
796
796
754
745
731
683
667
672
702
781
736
753
746
733
757
733
749
729
719
763
718
783
761
838
880
855
853
793
716
740
734
691
715
757
793
810
849
846
862
853
835
768
756
807
820
781
744
763
741
812
798
878
911
912
826
821
813
744
749
779
778
737
806
866
848
806
738
745
725
674
673
658
665
669
667
687
716
767
822
839
833
765
816
865
869
817
721
685
685
646
648
644
643
658
648
640
624
623
616
617
667
751
815
847
862
879
884
876
872
858
869
893
871
873
883
798
823
781
790
790
781
751
689
661
640
638
639
646
708
702
700
721
711
743
823
838
823
813
843
847
852
819
830
826
816
800
781
773
783
727
773
715
791
836
814
859
875
812
813
825
792
783
761
809
834
843
810
792
737
783
805
820
824
780
851
854
867
844
819
778
740
744
735
732
754
807
874
890
835
860
899
906
873
783
830
873
881
883
873
883
867
832
799
790
811
741
770
758
820
849
850
738
786
763
837
855
859
845
810
771
762
797
741
738
777
818
837
799
820
775
770
768
778
790
780
753
775
804
814
798
823
843
847
788
770
740
688
687
712
761
796
807
798
784
744
739
760
776
745
788
746
801
819
859
848
765
760
760
781
740
766
727
673
733
807
776
825
749
772
751
760
791
813
806
800
782
745
688
701
714
740
791
793
785
779
739
745
765
768
709
739
711
747
754
730
682
688
686
656
633
655
633
628
620
612
626
1372
749
783
798
724
729
782
806
816
819
837
847
781
838
883
882
865
802
822
760
737
747
811
783
802
728
693
718
714
720
744
676
699
722
776
731
717
673
679
665
704
748
734
698
715
761
800
806
767
746
814
883
923
889
907
861
770
763
766
789
813
747
802
790
844
840
797
742
758
798
764
821
811
817
822
830
769
817
846
860
878
866
871
873
790
794
789
813
821
856
818
843
858
857
868
856
853
848
759
786
813
869
879
860
846
851
849
733
696
719
707
680
787
823
853
830
829
845
844
808
793
777
752
720
742
723
750
740
697
726
699
725
769
820
846
850
811
806
838
854
861
863
857
864
865
773
804
827
803
750
696
690
675
708
751
740
729
815
846
813
735
698
687
667
692
727
726
724
737
771
809
750
699
686
693
700
762
841
872
807
738
739
755
735
708
681
688
715
720
735
762
726
724
784
853
874
867
812
784
717
741
733
744
707
688
693
721
714
690
653
643
634
635
651
627
615
619
616
618
647
720
721
811
854
874
849
761
809
860
885
753
777
794
813
835
777
746
770
801
840
865
856
783
744
774
834
857
770
832
810
768
781
769
743
772
785
793
740
724
740
712
695
666
649
658
687
728
726
736
710
708
694
696
728
778
796
813
839
852
785
793
779
773
781
731
726
702
736
725
765
727
705
680
666
649
645
660
677
719
752
815
827
769
801
750
707
688
694
712
763
800
734
686
695
719
754
747
688
669
673
674
693
686
745
739
724
751
710
710
717
727
710
685
678
670
654
646
645
663
697
718
704
680
705
740
764
788
771
710
684
702
703
712
804
848
871
863
841
847
878
832
805
755
735
741
753
789
816
830
782
741
751
755
752
765
756
718
424
858
665
639
619
1292
663
673
733
725
768
791
787
783
766
772
732
696
705
716
733
737
711
731
805
790
848
862
855
858
876
778
758
803
800
776
748
745
732
757
776
726
767
756
735
786
819
841
839
733
720
702
742
746
697
711
702
728
723
719
715
699
679
681
703
711
686
662
679
709
727
728
693
662
655
674
698
763
778
776
729
703
695
708
708
732
732
737
702
734
743
714
710
724
792
818
753
715
743
791
755
796
834
827
734
707
703
736
784
808
821
780
776
719
719
688
674
686
737
793
762
761
782
820
762
762
738
703
710
718
677
672
698
726
736
721
715
737
790
828
746
760
781
823
840
775
805
735
751
764
769
735
737
704
668
650
645
638
657
703
746
763
737
731
724
726
755
781
782
772
726
723
718
729
740
692
738
787
818
848
863
858
795
722
688
705
725
764
818
780
790
735
725
713
703
657
689
680
712
760
752
758
759
701
694
748
810
839
810
788
743
727
679
658
653
684
749
780
818
806
783
820
820
832
818
768
759
784
790
782
807
828
839
848
839
844
839
843
844
847
858
851
831
800
829
836
832
830
815
811
795
747
774
754
699
724
774
793
805
770
729
756
764
799
802
817
821
776
769
776
803
739
771
783
809
805
724
734
752
771
796
808
814
798
809
811
830
828
827
837
824
788
799
810
808
784
731
698
704
725
779
810
813
772
752
802
830
830
826
827
818
741
768
789
811
838
831
749
686
694
715
758
755
737
680
677
704
701
664
661
650
647
641
1284
689
701
659
682
714
752
758
729
798
817
832
761
718
689
734
1318
650
656
659
640
654
682
751
783
729
735
708
704
724
1473
695
671
653
640
633
626
630
639
667
724
778
829
852
902
903
835
767
743
716
680
684
679
679
718
796
828
794
732
773
762
730
813
836
859
874
839
895
894
903
901
894
819
830
836
853
856
822
781
790
804
819
825
832
828
817
805
775
765
766
783
797
798
807
773
793
798
801
784
745
779
805
797
827
819
819
823
785
752
749
703
693
733
726
729
738
749
773
772
785
788
784
796
762
773
775
773
748
735
757
756
724
733
731
719
706
725
729
739
716
735
740
744
755
695
723
709
685
653
639
617
604
600
597
596
597
618
661
659
636
642
626
603
616
612
642
675
710
696
691
670
688
730
765
761
743
745
736
734
759
813
829
854
893
903
914
905
905
898
878
876
843
857
851
846
844
865
866
835
855
859
866
868
849
849
848
857
836
737
712
745
797
826
757
751
788
814
864
801
816
762
737
790
782
794
836
798
818
837
777
795
807
856
887
804
849
861
848
819
813
787
723
716
687
738
747
813
772
850
815
885
889
902
886
767
798
815
864
801
849
884
800
841
872
886
897
864
807
878
796
876
827
880
810
824
748
757
814
888
885
878
879
740
714
760
813
836
771
706
712
717
705
692
677
694
720
702
682
669
684
720
703
732
798
742
774
745
738
727
683
682
706
700
696
723
761
762
749
757
809
820
855
872
818
875
842
845
778
786
772
741
793
828
843
852
894
902
885
867
818
799
771
771
760
791
771
730
732
813
772
785
811
837
874
889
849
763
726
701
695
728
780
799
826
800
854
877
894
902
895
890
884
869
863
757
705
700
665
653
651
701
803
779
759
842
767
820
815
832
800
787
803
833
854
864
854
776
814
867
931
937
922
891
891
875
797
825
744
741
775
795
807
781
767
746
722
696
726
771
774
749
831
826
918
923
877
837
808
786
864
901
904
788
827
840
824
822
876
876
837
856
815
777
800
802
863
865
880
901
891
859
864
846
775
753
762
708
737
741
745
759
774
796
797
764
703
684
670
644
643
640
631
620
606
612
606
616
634
705
739
787
774
761
691
680
640
645
669
701
716
686
681
724
722
762
750
748
795
792
849
890
858
806
840
783
748
845
880
895
873
813
723
671
672
666
647
653
737
770
792
891
903
906
887
897
819
834
878
914
924
912
880
875
766
712
711
744
800
850
867
847
843
849
799
831
843
845
816
834
762
753
831
881
896
886
868
828
760
702
708
724
742
767
789
779
799
758
721
694
665
645
642
675
828
890
909
921
930
901
790
813
822
887
920
940
935
864
876
891
860
813
731
751
747
714
755
729
773
816
805
778
775
731
722
694
666
652
649
637
645
683
746
773
750
695
661
671
700
759
766
710
745
808
816
793
716
721
792
882
906
888
780
803
766
764
812
838
897
896
940
962
951
870
896
912
881
872
897
903
893
903
864
784
732
686
652
652
652
646
678
830
799
924
955
920
859
832
910
920
950
936
837
890
925
942
945
932
931
926
918
912
903
918
918
902
888
885
818
752
776
752
709
780
846
863
871
813
716
761
821
862
884
877
806
741
784
834
893
907
914
921
925
919
925
917
917
874
828
865
890
892
896
891
868
815
808
748
733
704
708
705
695
677
669
649
636
622
630
657
692
662
642
653