732
747
747
711
694
707
726
748
749
734
761
757
739
713
698
716
751
800
813
810
817
784
733
718
701
659
662
668
641
644
662
676
681
694
695
702
697
704
706
704
693
671
681
720
739
703
720
735
723
703
693
674
679
660
649
646
660
669
678
711
725
710
700
666
646
630
613
599
606
642
683
684
711
732
745
734
716
682
680
693
712
703
739
742
699
673
649
626
610
613
627
641
657
656
648
678
713
753
767
782
777
767
734
688
699
716
729
692
667
644
622
629
647
673
708
724
695
691
664
632
622
639
661
702
734
744
733
693
718
737
782
783
765
711
703
700
717
706
712
734
758
742
692
708
716
705
681
698
704
711
684
686
717
751
771
718
716
677
649
617
600
596
584
569
567
571
596
655
705
714
724
697
720
690
663
641
627
622
634
669
708
702
678
679
679
693
699
705
690
657
660
659
661
662
633
619
622
638
670
704
681
684
704
717
695
650
640
632
635
630
622
625
624
621
624
638
667
684
696
707
706
671
662
667
669
643
648
658
655
653
677
686
661
663
676
669
652
652
657
684
700
683
683
681
668
651
642
624
605
612
628
628
634
632
656
679
698
711
703
666
655
649
643
648
635
647
677
715
749
714
697
697
687
657
622
597
593
600
634
672
698
699
690
643
624
618
620
613
606
622
634
643
631
601
589
582
568
570
576
589
604
607
629
654
679
660
658
661
655
638
653
658
648
655
665
664
630
611
607
607
620
623
624
638
643
647
636
643
646
641
622
619
630
639
662
660
685
689
671
645
631
627
634
643
630
618
605
594
613
638
636
654
678
693
709
690
713
729
720
703
718
754
767
780
782
742
690
649
636
629
638
669
709
745
722
726
739
728
726
688
684
691
696
682
683
698
715
737
744
758
767
751
711
725
726
736
729
711
728
741
733
694
687
690
702
697
714
739
740
723
733
720
697
701
713
727
737
752
723
724
721
715
688
680
684
702
716
696
743
748
723
685
647
638
636
651
688
741
785
769
787
795
790
782
738
711
711
713
737
721
711
725
777
807
819
767
755
739
738
719
713
725
755
786
792
757
778
783
794
776
733
747
745
749
753
722
729
745
756
761
764
741
697
668
672
661
657
674
698
725
712
697
713
734
752
720
721
734
729
721
693
710
729
736
742
697
650
644
628
629
632
619
602
588
576
569
572
585
610
655
726
773
786
735
708
689
662
631
627
638
658
660
664
684
676
694
703
708
697
681
685
708
754
782
750
749
703
686
668
688
705
713
700
674
639
639
642
650
667
705
746
723
758
774
781
767
747
750
741
729
742
761
778
766
729
748
759
770
804
782
789
779
774
773
762
740
745
752
718
739
751
730
723
707
693
673
678
696
723
707
681
693
705
708
703
729
726
699
688
665
665
659
669
675
693
713
728
713
729
716
693
675
686
725
771
777
791
801
782
732
729
729
699
677
645
645
641
632
622
627
675
746
791
831
830
829
811
782
766
758
762
782
782
793
812
776
734
722
714
712
744
759
769
774
766
739
746
743
717
730
747
755
777
802
817
780
721
712
721
731
732
759
799
794
812
835
819
798
769
758
726
688
672
688
730
707
662
647
646
630
635
654
677
707
712
692
706
703
709
705
688
703
714
702
688
697
732
751
756
737
762
763
749
717
727
736
761
768
789
807
789
756
763
745
713
740
760
777
741
768
789
776
742
742
731
710
703
723
735
717
700
706
708
698
661
648
661
666
697
721
692
652
639
650
670
710
740
757
758
767
754
739
720
708
693
664
650
646
651
668
688
714
734
752
760
748
714
703
693
709
727
735
769
797
801
778
792
800
791
761
750
729
692
680
677
694
749
782
792
807
794
768
768
766
757
718
727
722
755
789
791
794
751
711
696
684
686
666
655
655
664
682
719
737
747
760
778
771
731
703
667
659
651
639
631
666
715
752
752
723
733
745
753
722
687
682
714
753
799
819
804
764
768
757
732
697
679
670
691
759
771
812
821
803
810
775
747
738
736
734
749
752
762
744
721
700
697
695
702
699
693
709
744
785
822
807
769
728
684
644
630
625
638
671
731
778
791
820
828
839
813
754
722
724
719
745
757
771
776
760
732
696
678
690
723
735
771
820
848
820
763
708
706
688
675
672
690
728
767
773
726
705
697
696
713
726
730
707
665
674
663
657
680
699
726
728
744
785
787
766
713
678
667
679
739
743
749
754
752
753
747
724
681
684
704
754
783
787
773
795
806
809
806
799
758
737
739
713
697
697
708
742
781
791
752
750
743
755
757
759
773
776
773
762
751
758
759
769
737
703
688
699
717
762
764
762
783
787
769
727
720
717
738
740
756
781
784
772
742
762
765
764
719
740
714
690
681
714
712
735
755
764
726
738
744
740
731
763
771
806
793
780
773
750
713
716
734
749
767
744
786
777
781
739
748
736
739
712
740
758
767
732
749
732
703
673
654
647
652
677
733
808
795
767
770
769
758
737
711
696
710
738
780
813
794
808
803
774
754
755
756
763
778
773
762
731
736
760
766
760
736
703
720
745
771
779
751
757
749
727
712
707
668
653
653
668
717
756
777
779
759
729
728
710
684
695
697
716
697
728
755
768
742
747
747
730
688
676
673
664
650
644
654
688
738
779
809
804
793
766
728
681
657
657
672
711
757
724
724
738
750
754
743
705
710
702
692
677
679
706
738
745
728
739
750
774
761
733
736
734
728
723
712
719
741
751
734
738
772
804
839
791
760
771
786
789
780
750
759
763
767
744
766
772
794
755
709
702
702
698
723
721
733
716
699
694
721
702
688
698
721
754
784
782
778
797
792
748
718
715
729
767
802
820
863
835
808
744
742
737
760
787
831
838
834
870
865
850
828
807
786
761
714
699
707
729
755
792
751
766
763
734
690
691
682
674
690
723
769
789
786
822
845
832
811
753
705
704
712
749
787
801
770
777
778
777
768
762
732
736
743
744
729
733
790
854
840
832
844
786
735
688
659
645
636
650
706
833
906
893
952
947
903
811
766
756
756
750
730
699
710
733
755
806
800
787
787
783
768
747
698
692
699
736
766
779
810
825
852
821
816
796
777
740
775
784
782
746
740
748
775
796
771
747
776
780
784
767
785
784
769
717
686
669
667
716
753
772
768
756
734
715
699
692
687
692
696
714
739
741
716
705
696
689
686
705
724
739
757
774
782
755
751
738
708
679
675
682
709
757
760
750
776
792
793
770
749
718
722
717
723
718
688
683
716
729
731
725
747
756
743
753
754
755
763
733
748
740
741
718
734
761
793
804
775
749
766
766
774
796
800
784
766
733
737
737
729
721
740
749
730
709
719
735
732
708
702
702
681
675
676
684
702
733
705
688
674
679
668
666
687
711
752
767
744
771
789
790
747
711
720
749
796
832
809
813
789
748
757
751
758
776
736
719
729
740
770
780
795
744
713
692
700
708
742
766
771
766
759
740
736
761
778
771
780
788
793
791
743
726
742
759
768
771
788
739
753
748
759
734
766
769
767
747
759
754
753
723
728
718
688
676
673
681
706
758
792
806
801
781
751
704
688
685
693
729
774
785
805
791
736
699
691
696
718
751
750
784
797
792
777
732
730
735
742
731
741
753
749
725
733
734
730
718
706
722
739
757
759
737
743
746
738
738
745
736
742
738
726
702
709
719
751
763
760
770
745
718
683
678
673
660
642
653
653
678
699
729
720
708
712
719
727
712
697
698
714
723
722
742
745
751
740
743
734
720
694
690
689
701
731
744
748
785
797
779
727
700
695
700
709
722
735
721
721
732
742
748
751
738
744
749
727
732
749
769
789
776
757
767
750
764
751
743
759
759
758
759
772
781
779
750
753
729
707
704
727
749
777
768
796
799
787
742
751
732
713
704
727
745
759
755
778
785
764
767
741
723
703
720
719
732
680
658
651
690
714
749
772
771
738
703
685
658
637
616
603
601
616
662
744
819
854
846
785
767
794
813
835
842
828
771
762
732
709
684
672
673
679
703
748
772
750
717
719
722
717
730
722
704
710
731
755
787
776
774
748
703
697
685
685
680
662
645
661
674
677
684
713
729
735
695
689
684
673
674
685
673
680
694
695
701
690
679
689
692
687
671
662
666
683
716
751
786
789
730
704
702
699
703
725
733
754
765
758
747
730
745
743
745
723
705
714
732
747
752
725
725
726
719
711
708
711
734
758
781
779
767
762
747
735
723
691
673
680
691
732
771
770
747
763
760
751
755
726
699
705
711
688
668
647
646
652
646
651
654
676
688
687
691
711
734
730
716
732
751
771
768
758
732
695
687
688
708
737
729
755
765
746
724
709
714
730
745
768
759
732
700
682
677
688
717
734
722
707
721
731
733
736
707
721
729
739
721
720
734
757
776
785
734
747
759
766
731
744
751
766
771
760
737
711
666
654
671
702
729
735
778
806
814
796
780
778
751
734
735
777
821
855
840
802
836
834
807
777
775
766
739
748
757
753
748
788
821
834
822
759
732
727
730
726
741
772
797
768
731
688
682
734
764
778
780
778
762
696
684
684
676
669
657
638
641
672
681
690
725
756
786
796
766
757
757
742
713
721
731
752
781
802
780
785
802
820
810
794
752
755
758
752
733
748
777
797
784
770
746
767
770
770
755
727
747
743
762
746
754
748
763
764
749
765
770
793
800
788
752
717
700
700
721
752
765
738
755
774
780
769
796
807
812
777
743
742
744
752
729
704
667
656
651
644
646
668
718
772
798
772
789
773
736
718
700
677
663
651
649
656
675
703
672
687
718
705
688
686
695
719
745
752
729
726
755
772
783
763
761
729
713
724
720
724
720
723
732
753
766
772
781
796
786
757
776
777
788
779
745
732
753
776
807
814
777
738
737
743
745
741
710
729
737
757
771
793
785
735
731
725
708
697
720
731
729
745
719
693
695
685
687
708
741
774
779
749
730
731
744
743
731
702
701
724
756
769
754
788
796
796
755
729
743
752
732
741
774
801
815
780
765
772
780
789
757
780
791
771
778
804
830
803
778
737
769
775
803
787
805
823
825
796
750
755
756
735
775
826
831
808
762
773
771
786
777
736
741
759
776
809
793
785
729
698
682
681
745
782
803
807
816
807
812
824
797
747
749
743
752
756
800
805
814
794
758
743
753
755
763
737
695
688
706
698
712
738
765
794
786
809
813
759
761
774
785
812
815
833
854
830
820
806
757
740
748
778
833
854
811
809
815
792
760
733
744
754
774
752
764
774
773
751
712
687
674
688
697
707
728
738
743
708
701
700
710
723
729
748
768
733
726
741
753
754
734
691
684
703
716
746
773
774
799
766
729
702
699
709
759
807
848
847
775
754
748
744
757
745
725
739
769
814
819
829
865
865
854
797
787
785
800
811
820
795
822
837
802
768
810
848
852
845
813
781
785
795
812
781
797
794
783
802
817
801
766
746
723
692
670
655
646
633
639
660
679
704
712
733
729
697
701
705
719
739
771
784
772
746
726
731
755
774
792
770
801
830
854
851
844
795
746
755
762
779
804
826
837
828
806
759
738
1072
2336
648
664
683
665
705
740
725
699
681
684
687
712
733
779
785
833
838
825
770
777
780
768
767
780
805
780
805
818
809
747
745
752
767
785
777
781
795
790
772
735
715
690
679
715
761
770
752
753
778
790
809
766
751
767
775
771
752
716
718
757
798
837
802
805
824
842
806
785
770
742
709
674
671
679
679
693
740
801
846
875
848
766
733
740
758
789
827
826
815
834
850
854
841
810
775
733
685
669
665
681
752
832
848
872
879
836
804
767
729
702
679
671
683
724
808
876
890
839
803
813
801
779
762
778
790
811
769
786
791
805
767
776
795
809
802
799
748
736
757
766
769
765
795
757
723
693
689
690
722
788
883
882
872
801
814
805
794
771
723
723
741
798
802
813
789
833
855
826
785
791
782
777
763
746
772
778
791
771
797
814
817
795
815
823
823
834
823
765
733
689
674
676
725
805
844
859
837
860
865
852
804
761
761
773
801
815
798
822
835
799
769
746
761
763
786
774
795
790
797
770
786
806
809
784
758
778
790
791
801
780
787
804
810
812
786
749
700
691
698
725
761
766
776
730
741
753
751
755
739
711
676
681
681
689
719
704
678
705
708
703
713
727
734
718
694
678
679
745
781
779
792
794
774
725
691
692
718
762
797
805
857
867
853
822
795
752
722
698
686
690
719
764
774
805
742
704
694
702
723
736
749
731
721
701
658
645
639
645
677
747
795
830
806
818
831
817
778
724
700
694
703
734
779
786
758
760
801
839
830
800
747
772
764
773
754
746
774
771
757
771
780
803
821
791
754
709
697
707
739
763
790
771
792
788
781
755
756
763
755
749
723
726
727
703
682
706
729
726
741
762
776
775
739
732
731
741
756
759
773
813
870
808
795
774
751
725
703
693
698
724
764
801
809
799
817
807
804
790
784
780
790
785
769
780
772
776
788
799
794
744
764
779
799
777
732
732
739
742
733
718
690
678
681
698
739
793
808
752
729
740
756
793
834
834
839
823
786
782
802
823
845
831
818
774
787
797
795
814
793
748
736
749
743
719
692
687
678
688
716
752
750
761
784
793
770
778
774
774
750
738
756
782
779
757
762
769
779
798
791
756
757
764
765
771
782
737
719
722
733
753
759
773
771
750
741
748
777
792
802
833
840
793
747
726
737
745
759
765
739
766
792
787
769
738
719
729
730
714
692
705
720
760
816
859
874
881
851
825
814
814
798
776
747
784
805
794
741
759
763
781
753
774
796
802
787
760
720
729
736
726
695
683
691
710
746
748
735
732
708
680
667
655
648
667
693
729
782
815
822
888
820
752
729
702
675
667
684
718
819
886
915
828
851
860
813
825
815
823
824
856
863
854
805
782
805
844
854
872
854
824
831
815
806
763
788
818
808
795
827
856
873
813
753
761
760
754
771
789
835
820
820
854
891
843
849
849
837
869
870
841
838
820
773
771
776
780
811
854
871
820
818
783
768
766
745
743
765
781
787
761
723
708
723
735
782
808
826
828
783
717
698
691
698
726
755
745
739
780
817
832
842
832
774
773
767
757
781
759
751
766
801
822
799
795
797
802
772
741
693
695
698
725
803
871
896
861
872
840
782
753
781
838
883
885
867
870
811
758
764
786
833
855
868
831
845
851
853
841
818
769
735
745
769
804
813
848
895
876
864
839
812
747
713
688
687
720
753
813
854
813
799
783
746
765
759
752
735
738
738
732
741
765
777
772
758
730
729
738
754
767
786
765
791
808
818
813
786
746
761
773
793
810
816
853
840
816
794
742
746
747
745
738
737
730
753
739
703
721
720
711
714
737
764
778
788
771
747
742
742
743
721
734
766
784
786
787
771
806
819
808
780
776
776
771
762
780
783
792
798
814
828
794
771
732
715
720
732
734
714
713
732
723
734
754
783
786
771
730
741
752
770
755
792
810
815
777
818
839
832
809
749
754
768
784
817
771
766
784
832
854
849
776
794
781
803
812
767
780
799
834
804
834
827
819
777
796
789
771
750
793
843
821
775
798
787
772
740
702
680
678
700
773
836
893
893
889
846
803
799
796
777
756
787
852
882
893
868
847
860
854
839
802
765
734
703
700
749
836
911
910
892
804
796
803
771
769
780
780
759
768
771
799
788
773
786
768
730
710
699
714
751
798
839
833
774
775
771
781
767
771
783
770
760
794
797
814
785
738
750
766
785
763
734
704
705
755
796
784
804
814
795
729
693
668
652
670
694
707
754
827
822
774
725
733
728
750
776
790
804
819
805
799
803
830
872
890
840
865
852
851
849
835
835
836
809
764
738
755
800
840
866
841
859
863
866
852
825
781
745
743
744
729
724
746
773
806
783
746
713
707
694
709
727
747
708
710
692
669
653
656
663
687
703
678
664
682
726
814
858
907
886
837
858
828
827
783
799
817
825
836
803
803
840
869
868
858
831
826
797
814
830
859
870
843
870
883
838
764
743
752
784
852
866
833
789
815
799
775
788
809
842
804
790
801
788
744
715
676
664
651
646
678
727
817
845
812
815
813
803
779
753
758
773
819
860
898
913
913
869
784
781
779
772
752
771
814
837
851
806
816
810
820
767
791
782
760
767
789
825
797
814
813
806
770
793
803
831
813
806
841
854
836
776
783
777
745
723
730
773
840
887
876
827
748
743
729
716
708
691
692
691
704
723
726
708
727
729
727
693
670
654
676
704
726
755
774
771
755
706
699
695
688
719
752
768
775
773
755
716
715
725
748
769
790
749
782
797
817
817
773
775
768
753
717
688
682
682
702
734
781
806
768
810
805
802
796
775
731
712
732
777
832
858
869
845
777
783
779
780
790
774
788
808
822
770
746
763
775
781
762
738
755
795
823
832
787
795
803
800
762
767
796
827
870
846
842
857
837
826
783
830
827
825
787
813
853
862
809
813
824
803
814
847
860
827
831
838
830
778
789
804
819
834
801
838
845
823
835
816
831
820
771
774
774
747
715
707
703
721
753
782
776
726
708
723
753
782
793
798
769
732
739
732
729
732
726
758
789
825
789
805
835
839
832
789
801
805
814
815
787
799
829
862
883
861
796
794
788
806
794
791
771
770
792
805
780
783
791
807
780
752
770
775
791
771
747
801
841
874
841
781
795
796
807
802
784
810
827
804
761
749
711
730
791
832
798
815
813
787
805
831
867
838
804
764
765
775
802
792
763
730
698
712
750
784
767
747
714
701
671
649
635
627
622
623
621
613
612
612
614
628
647
647
656
676
698
708
728
755
769
764
736
702
662
650
656
666
720
791
832
845
831
854
864
808
732
688
672
727
753
811
856
865
864
844
793
744
745
751
765
779
805
799
804
761
749
733
726
758
784
826
852
854
862
839
796
847
834
793
775
807
823
792
801
823
824
845
853
838
850
823
809
793
799
794
834
854
805
760
773
797
819
831
763
793
781
780
741
740
718
688
681
702
729
803
837
825
849
832
793
736
742
734
747
741
776
784
775
727
734
728
727
707
688
679
678
692
729
787
831
815
835
846
821
788
782
748
739
766
803
811
787
727
699
686
731
757
809
819
823
782
726
718
722
738
753
757
758
792
818
819
810
836
838
834
812
759
759
777
824
863
888
876
813
834
861
904
882
849
772
722
694
675
716
762
802
857
860
844
775
798
818
832
849
832
807
755
730
752
777
826
865
880
871
798
752
724
723
736
775
878
908
861
825
770
770
774
724
718
746
809
862
885
909
920
867
825
832
835
816
784
813
853
886
869
819
813
844
859
873
843
874
842
831
796
812
833
834
825
798
827
834
837
833
822
816
779
777
782
792
794
829
842
846
823
768
742
763
775
821
782
739
724
750
773
793
818
814
783
755
729
692
666
660
657
653
668
714
818
875
888
915
917
938
931
896
850
844
831
814
761
769
813
826
801
749
718
704
694
687
762
767
788
791
779
717
716
714
728
757
775
776
785
787
780
794
799
791
771
807
829
851
852
870
848
798
797
806
810
757
721
693
675
715
759
787
813
825
833
788
770
711
706
718
769
831
860
885
873
820
762
737
739
755
783
822
813
796
853
880
907
917
894
865
807
768
737
774
779
841
843
818
805
799
794
777
800
839
827
830
777
725
743
796
876
912
897
945
948
916
884
877
842
888
848
863
899
899
896
831
843
842
829
762
783
778
739
729
769
740
724
721
744
794
829
845
877
883
857
796
774
782
802
838
865
857
795
849
864
868
804
820
853
883
819
874
908
909
834
858
854
856
816
832
851
893
907
822
769
804
841
857
854
787
815
855
863
816
793
830
862
854
771
757
787
820
822
828
878
880
836
867
879
845
761
784
799
856
867
829
896
929
858
872
888
878
828
832
845
828
766
805
833
819
826
839
837
787
836
879
817
811
817
822
775
829
910
888
794
731
761
764
758
718
726
725
764
770
781
818
852
863
923
926
864
888
906
912
889
801
739
758
793
852
896
863
850
914
922
887
812
755
797
854
958
962
961
1008
1010
969
945
938
895
908
946
938
909
931
936
887
949
952
961
980
957
927
908
931
947
886
942
966
808
835
851
855
855
854
837
755
781
803
845
871
808
809
840
871
809
817
859
843
860
888
935
929
904
934
836
778
758
845
872
923
879
847
833
835
849
837
827
807
815
800
791
769
777
821
841
795
763
730
797
844
878
854
838
823
817
772
749
724
728
744
764
786
802
753
834
937
962
902
885
859
781
751
726
738
828
896
925
927
837
836
838
849
838
792
799
834
854
828
756
809
854
895
892
780
770
757
769
811
840
829
813
791
763
715
674
675
682
688
681
688
700
678
695
740
823
824
801
822
820
770
737
739
719
704
667
651
659
667
704
708
758
777
782
759
799
803
816
773
720
693
667
671
685
703
687
657
641
630
628
625
638
687
777
840
868
813
811
864
830
742
696
664
656
729
871
925
908
914
905
869
854
848
846
786
727
755
808
887
909
881
906
853
777
701
691
704
719
723
698
707
760
796
807
804
5208
1008
747
749
760
719
676
703
707
674
801
443
2634
765
747
763
771
805
857
763
760
752
711
680
658
629
625
629
653
475
1693
852
872
861
841
790
739
726
719
714
722
756
753
733
844
881
860
829
812
750
748
715
764
768
783
799
802
785
777
800
831
829
856
841
808
820
816
746
746
762
766
823
868
916
950
918
877
880
874
866
848
895
896
902
802
843
853
842
855
862
847
787
767
753
736
726
710
728
777
816
810
755
745
752
703
678
652
661
727
820
854
827
842
826
786
741
747
697
678
646
623
622
629
670
726
761
714
744
773
801
823
830
823
798
761
704
671
659
668
692
743
811
825
836
827
773
774
772
744
737
771
844
867
808
791
859
820
733
692
693
787
845
877
896
911
889
790
803
803
854
885
892
821
765
758
778
771
814
804
793
763
758
779
796
764
772
804
797
826
839
825
821
808
835
807
801
760
764
799
854
897
891
923
940
920
885
872
843
893
938
946
939
899
949
917
922
829
756
778
870
907
922
938
946
894
876
850
848
811
764
754
782
837
883
961
970
935
929
904
823
763
738
763
853
889
879
822
756
742
764
810
867
881
887
827
796
807
862
903
896
896
891
860
803
828
853
897
915
880
854
936
955
924
893
831
787
795
841
929
870
807
760
725
741
780
847
895
894
893
869
786
798
778
767
771
763
746
732
742
768
796
808
772
741
732
720
712
731
791
856
909
924
865
880
876
831
791
731
734
709
722
736
767
764
768
771
773
770
750
751
768
748
725
677
655
642
687
746
803
790
799
784
769
718
716
728
740
794
863
884
870
858
811
847
866
855
811
854
882
867
868
835
787
750
728
780
783
713
695
713
753
789
846
848
865
824
854
862
883
877
880
864
843
799
841
871
882
836
806
855
873
882
854
871
862
852
771
801
831
854
813
836
844
851
873
845
801
820
822
835
778
801
840
812
870
919
938
918
888
881
869
865
816
846
891
914
829
782
803
832
826
829
759
713
701
696
715
757
789
821
836
834
838
824
834
849
848
859
904
884
802
825
833
813
846
883
901
833
774
808
819
804
759
794
825
883
898
829
864
875
836
817
756
770
797
810
761
810
870
932
889
798
753
722
721
744
804
838
784
754
741
825
908
964
953
962
961
920
885
875
889
888
900
878
818
876
913
927
1015
943
946
979
1031
945
877
842
801
782
854
934
982
793
729
823
872
907
898
915
949
924
890
877
831
839
885
905
894
873
909
926
920
898
896
903
907
887
905
906
842
778
777
838
956
995
930
865
837
816
762
764
772
801
838
848
861
853
837
828
813
781
752
729
696
672
665
685
720
788
821
824
773
788
794
824
848
837
771
809
828
851
849
825
837
835
817
840
880
934
886
826
806
818
833
805
755
785
813
832
811
760
700
693
694
725
780
851
903
931
909
879
886
922
911
871
852
837
869
920
949
888
919
962
928
899
812
767
805
838
869
844
829
766
776
784
790
756
789
787
799
792
826
829
813
795
795
784
756
783
793
804
766
803
831
830
791
798
806
776
734
704
737
750
769
826
888
914
858
889
901
901
887
870
860
819
808
831
839
836
849
866
864
809
753
755
764
804
822
835
885
873
836
844
816
812
770
788
783
797
797
838
839
834
800
799
790
779
743
718
705
720
754
796
815
798
770
734
709
699
686
646
646
639
653
679
687
710
689
671
668
688
723
779
813
825
840
798
783
728
711
704
768
819
855
871
850
856
847
783
757
801
873
910
940
945
936
922
815
815
821
838
854
812
838
834
837
802
800
832
797
822
845
815
779
743
726
751
877
879
873
872
847
843
781
767
803
863
903
948
953
909
845
848
852
862
842
784
768
795
848
917
976
947
955
932
863
772
737
749
788
856
846
865
879
883
862
905
893
869
803
791
793
804
854
830
788
824
873
918
886
873
857
854
794
789
796
795
827
854
833
869
876
854
849
874
854
869
849
805
824
840
829
798
738
732
699
679
676
714
763
774
761
736
762
781
779
758
758
825
875
921
914
861
860
850
808
792
808
813
840
794
781
811
847
896
890
832
823
808
810
808
801
813
818
833
856
831
775
740
764
804
848
874
847
799
825
824
783
757
780
801
820
828
793
813
823
837
821
845
858
824
833
856
892
848
841
813
797
801
806
756
745
765
801
838
808
780
786
799
775
772
760
758
727
729
718
714
711
710
719
703
706
729
758
818
783
766
808
878
947
927
855
794
742
719
706
706
704
687
672
665
695
744
789
841
813
823
771
746
729
700
719
757
831
862
881
850
771
742
762
792
845
858
819
816
799
768
741
781
814
853
806
833
842
850
799
790
789
816
841
871
880
821
822
797
754
714
681
730
700
694
692
692
689
672
678
690
712
730
750
804
826
816
787
771
764
765
784
788
790
797
751
760
773
819
813
761
799
863
887
853
817
814
793
789
768
748
765
780
814
828
844
818
768
772
778
807
807
770
783
810
841
804
824
808
789
768
716
706
706
695
691
710
756
848
895
906
845
881
882
865
817
790
797
754
748
778
830
875
888
937
934
901
847
783
731
736
766
827
882
829
816
858
865
867
851
839
841
831
806
773
738
771
813
862
913
935
903
874
845
835
829
847
848
830
809
834
847
855
812
835
847
844
780
775
798
818
826
778
828
832
869
827
801
856
903
897
936
883
833
847
857
829
777
782
806
805
785
750
769
771
773
755
736
759
787
815
807
771
768
773
775
764
727
714
699
708
731
782
832
828
792
757
751
777
822
878
927
913
834
823
854
910
905
842
784
819
856
880
865
843
859
888
926
872
831
801
758
718
696
681
724
766
791
798
805
765
750
748
739
715
718
720
720
729
724
734
728
707
699
664
674
676
699
725
735
745
761
771
774
767
782
793
846
865
870
783
828
821
841
817
780
833
893
948
928
918
902
901
848
804
819
817
813
743
782
790
793
726
703
703
710
748
794
778
771
780
793
778
764
739
723
720
730
754
772
784
752
779
782
771
740
759
775
768
844
870
898
896
865
840
792
785
773
759
740
738
758
825
852
814
777
771
804
832
856
829
838
822
805
792
756
791
822
839
856
876
859
794
745
732
738
762
820
853
801
855
832
806
755
707
722
749
798
828
811
752
719
706
723
757
778
795
785
817
820
812
757
713
699
688
695
724
734
725
704
718
744
769
809
802
805
783
768
787
788
778
752
795
822
867
862
876
864
835
766
719
703
715
827
861
900
915
909
884
829
819
820
844
867
897
916
939
945
948
895
860
810
795
797
819
813
846
910
924
907
866
864
888
853
813
765
794
809
822
772
822
817
777
797
764
751
746
783
805
797
787
772
728
718
702
688
682
666
661
683
737
801
843
878
877
886
901
890
854
776
794
808
779
747
736
753
730
736
819
905
927
847
884
851
807
776
793
820
863
836
869
905
858
797
813
806
788
784
804
814
763
732
729
738
766
781
781
741
731
728
733
737
735
730
721
702
698
695
692
695
688
709
734
766
762
781
810
834
827
810
755
749
767
780
793
776
764
776
795
781
775
793
810
827
814
810
786
825
841
829
767
746
757
791
815
798
775
725
730
746
774
805
779
770
801
828
813
811
756
783
767
758
746
797
826
847
816
739
716
719
718
722
723
714
709
708
721
807
846
835
835
836
860
827
788
737
742
746
762
779
792
783
796
809
809
823
825
830
854
852
842
836
837
843
823
837
791
777
807
836
832
786
763
780
804
805
780
739
753
758
765
795
780
775
827
853
838
808
753
733
740
740
762
776
731
722
721
745
818
895
881
860
887
907
880
855
881
862
827
787
814
825
850
787
819
821
827
814
771
791
785
775
726
716
709
723
756
813
818
795
786
811
820
821
803
808
773
734
714
710
722
771
809
814
821
793
753
747
732
712
716
743
807
842
865
854
766
768
776
791
782
770
753
777
788
800
802
822
822
796
759
802
821
787
765
803
822
796
760
767
768
770
760
736
749
748
729
692
675
669
669
683
683
678
719
771
798
816
779
739
767
801
827
852
901
939
944
906
803
796
835
889
896
854
923
930
878
889
854
833
765
818
819
835
793
894
987
1022
1015
989
990
891
790
791
815
887
884
845
827
871
900
871
838
853
858
795
747
742
770
840
891
851
912
948
923
890
859
810
754
756
758
753
800
868
923
873
909
898
843
813
821
792
755
742
755
727
743
768
794
838
853
811
837
819
779
789
792
794
798
759
727
733
766
854
856
774
749
744
783
848
851
864
877
907
887
800
854
896
882
867
851
788
790
793
829
836
815
856
888
905
867
824
815
782
775
811
853
873
898
908
918
883
834
763
740
751
812
891
944
938
877
894
873
866
829
766
728
730
754
790
792
763
780
771
753
737
704
690
682
658
657
666
705
770
816
843
862
886
862
837
836
836
852
884
879
850
882
877
872
828
768
777
782
762
771
832
895
903
841
805
845
872
879
866
871
834
793
743
772
804
857
901
888
909
901
869
869
834
772
760
793
838
894
928
905
849
778
784
795
823
850
875
880
896
907
903
876
824
775
781
780
776
752
773
813
836
795
785
824
829
814
796
797
804
816
815
785
798
794
800
808
820
814
788
771
793
842
857
846
786
808
810
820
783
828
813
773
801
805
799
829
833
801
753
752
767
774
778
759
790
787
809
798
800
825
809
849
868
851
838
840
841
809
843
858
848
820
841
787
784
786
806
795
748
746
780
851
840
821
851
848
801
767
771
763
725
689
661
657
661
696
783
901
888
875
924
915
884
837
764
769
770
802
835
860
871
868
836
788
736
727
706
700
718
737
745
750
733
692
694
688
698
719
749
732
692
692
711
903
921
969
938
892
889
867
855
844
800
825
843
860
819
892
921
914
912
894
851
812
790
759
757
789
812
825
790
801
848
888
879
814
773
782
791
795
823
826
829
859
851
801
832
828
823
763
757
760
779
802
813
786
755
761
795
826
851
832
806
777
737
742
741
737
721
692
687
696
719
756
776
787
787
748
757
745
733
734
736
746
759
739
771
771
741
698
686
673
662
670
710
749
777
796
815
785
740
734
740
755
780
767
776
783
771
750
719
729
728
736
713
735
752
767
749
789
802
806
744
707
687
673
682
706
734
762
794
828
835
816
826
787
743
711
696
679
662
656
672
705
795
884
949
949
901
899
885
840
826
855
887
811
768
779
853
854
890
906
843
823
862
894
916
914
923
898
837
793
817
845
883
885
882
920
928
913
864
895
871
829
784
787
784
786
767
726
791
846
775
733
727
771
807
821
829
830
802
745
737
719
707
689
676
672
669
671
666
665
673
678
685
698
706
717
723
712
726
724
728
718
717
689
706
712
731
753
722
699
690
723
731
741
741
729
694
700
695
709
748
780
790
796
792
757
766
765
760
754
737
697
683
663
653
646
655
664
685
700
734
724
728
762
762
770
786
782
759
772
766
776
778
802
809
785
742
722
748
785
840
820
758
781
788
804
758
793
811
800
756
760
736
719
715
711
716
733
723
726
749
761
775
759
768
783
785
758
721
737
732
736
713
692
682
678
703
726
764
795
822
790
774
779
772
779
757
735
719
748
771
789
780
744
765
803
825
801
848
863
869
838
849
838
844
823
777
801
804
816
825
781
819
850
849
772
776
759
730
694
685
688
699
714
732
798
866
885
814
794
771
770
754
731
714
729
757
810
829
785
768
804
805
766
737
746
747
761
743
766
791
787
803
818
823
821
776
755
780
819
843
854
885
860
793
740
721
721
824
896
882
849
833
804
764
730
737
753
729
705
716
727
756
798
836
845
821
791
790
785
791
792
795
789
790
777
774
780
750
737
768
826
881
913
879
847
853
849
853
842
833
798
818
833
803
843
865
883
865
865
874
872
816
837
844
862
816
845
866
904
863
874
888
884
840
841
842
860
813
859
887
912
910
874
905
912
898
863
818
856
856
830
878
879
892
823
862
866
846
792
806
813
833
759
778
797
831
849
820
855
889
859
817
812
782
737
753
761
791
796
815
849
837
784
803
801
763
756
771
793
789
747
757
771
786
794
747
750
761
767
756
729
751
785
838
794
788
820
828
825
781
785
784
771
751
780
811
844
808
838
834
806
796
805
808
772
808
823
809
756
726
747
757
756
738
716
739
733
712
726
756
777
784
741
752
766
771
783
748
768
793
783
799
791
838
851
813
803
786
786
783
763
749
755
766
759
706
693
688
704
760
824
822
822
758
757
765
743
705
680
675
683
716
763
738
726
749
745
716
719
728
733
753
735
703
707
710
716
722
729
724
729
703
677
653
635
616
618
642
671
695
717
729
758
755
711
701
709
724
734
740
711
698
712
742
762
747
744
771
807
828
822
799
746
744
755
769
763
748
717
715
723
738
742
747
743
744
729
722
708
681
665
667
688
733
746
726
737
738
747
725
698
710
718
740
772
764
755
776
757
743
739
713
717
741
752
770
778
750
730
709
713
737
728
731
735
710
695
688
682
684
701
694
684
695
697
694
688
664
651
645
641
636
626
628
635
646
659
676
705
712
690
670
663
659
652
654
652
645
644
652
666
691
728
730
729
733
712
703
704
706
710
716
717
703
685
683
686
675
682
688
656
635
626
627
630
651
688
722
741
770
775
729
724
751
781
826
830
771
754
792
853
876
824
760
734
764
811
839
844
845
778
734
690
680
677
731
763
840
862
825
806
803
782
739
748
744
741
761
759
739
760
781
801
784
754
740
750
763
759
725
719
726
731
727
729
735
759
776
813
808
832
854
832
771
713
685
692
711
744
770
786
752
732
768
828
866
792
775
803
810
814
805
843
854
806
831
868
884
833
777
736
728
748
902
908
909
897
874
814
743
746
733
741
740
774
817
851
914
896
891
858
826
789
735
702
694
699
716
740
767
775
783
794
783
797
787
757
748
734
741
715
715
711
732
728
743
776
768
759
720
716
719
739
813
859
844
818
843
838
811
794
748
699
667
639
622
611
633
692
721
736
749
745
732
698
659
627
610
612
623
644
659
694
697
685
735
768
752
735
734
717
699
709
719
729
723
712
689
687
695
715
747
755
728
688
654
644
654
709
748
780
811
831
804
780
765
749
748
726
718
725
728
731
728
726
719
732
750
773
763
746
726
688
687
679
682
692
712
737
769
772
769
750
735
751
766
763
770
738
720
750
770
793
807
810
794
800
788
729
725
729
749
777
829
798
758
778
827
832
835
786
776
789
794
781
765
783
761
710
693
769
809
841
818
813
793
781
782
780
784
782
778
790
790
775
735
742
749
758
761
748
744
745
763
744
736
731
726
696
681
692
715
751
790
811
828
792
738
704
694
677
664
695
734
733
719
734
793
830
873
880
888
875
841
753
738
738
774
809
827
833
867
880
884
881
818
764
748
727
703
693
732
793
799
754
725
706
713
813
852
839
840
830
812
825
818
826
847
851
861
855
837
825
798
772
748
743
774
801
838
857
814
796
814
812
819
823
828
846
812
796
827
849
887
880
824
785
772
803
854
884
887
847
893
896
914
902
899
878
878
855
836
809
870
917
963
925
979
955
854
791
825
884
927
910
817
854
877
872
779
768
798
799
833
818
737
733
731
734
745
736
731
696
685
668
664
664
677
708
745
783
789
796
793
741
705
695
690
685
674
676
674
676
673
665
653
635
631
627
631
648
640
631
635
646
655
655
655
635
634
640
649
694
753
755
731
727
729
745
754
763
771
773
728
720
722
725
746
737
747
746
722
719
725
740
751
780
755
743
751
745
754
759
733
730
687
670
691
725
731
726
737
790
810
809
760
735
726
734
748
774
794
773
754
742
770
792
809
793
767
722
686
676
685
726
775
826
794
819
835
823
813
800
785
775
768
793
831
830
797
815
874
904
893
843
860
848
806
780
791
823
881
910
853
836
849
796
766
796
813
829
836
800
757
779
826
841
845
847
780
783
802
819
807
758
772
807
836
833
822
844
846
817
765
734
746
797
847
861
840
833
845
861
858
821
758
749
769
783
830
877
892
887
823
771
779
763
760
734
738
756
780
806
825
799
802
743
713
694
696
712
738
748
724
686
677
671
671
704
758
800
821
787
761
761
777
780
795
806
796
750
768
806
796
771
756
756
762
802
798
800
796
747
743
764
773
794
798
771
734
728
735
757
761
733
729
737
753
765
761
746
714
721
729
749
761
744
775
789
792
812
776
742
742
756
773
784
769
780
786
772
729
696
682
673
687
706
683
673
721
727
734
723
700
715
769
779
793
803
798
761
720
694
698
712
778
839
867
841
815
801
794
794
767
769
773
730
705
696
695
702
715
751
769
771
759
751
760
763
756
756
762
777
766
797
788
790
805
829
839
872
836
835
818
829
854
867
874
869
891
872
808
739
716
705
736
770
769
787
798
770
731
718
717
739
785
792
785
799
763
717
706
706
714
731
745
742
715
696
695
712
753
802
855
812
804
823
865
849
777
760
754
743
725
698
725
754
757
762
762
777
783
780
764
734
705
734
775
805
830
824
797
751
708
699
710
746
762
771
770
769
740
736
742
746
798
807
776
767
740
711
706
705
708
719
741
756
748
745
726
705
691
709
727
771
806
820
811
811
780
742
716
721
735
750
748
732
684
666
646
630
638
667
683
686
703
737
736
710
713
715
721
731
713
694
688
700
716
762
767
762
750
709
672
684
716
753
765
786
778
738
729
747
753
759
737
680
652
646
660
709
770
809
851
796
729
695
689
706
730
770
768
773
813
788
772
763
786
830
853
841
854
845
817
821
753
716
699
714
762
839
881
893
879
867
835
737
705
705
748
820
904
903
855
800
782
796
854
881
854
851
819
751
723
740
758
768
780
757
771
782
783
793
818
809
778
791
813
848
867
911
898
872
861
850
815
763
771
828
918
869
826
770
778
733
735
763
776
804
798
771
734
746
807
876
884
801
825
852
862
819
795
832
849
814
810
854
848
857
825
788
811
848
860
893
841
834
814
811
823
819
766
728
704
721
753
785
799
807
796
795
745
702
684
692
747
818
859
899
906
875
828
828
824
814
804
756
730
730
761
775
765
712
753
812
831
815
768
780
795
799
757
736
748
786
841
867
882
790
796
810
824
823
780
787
817
838
785
828
842
848
811
823
835
856
870
816
850
868
850
790
805
814
818
800
739
718
736
808
868
885
881
846
814
811
783
778
788
795
814
841
846
856
853
823
854
828
780
844
918
905
809
814
813
822
800
865
877
804
794
814
814
807
822
807
844
841
762
799
732
690
698
709
724
739
725
721
722
729
706
686
674
666
643
628
616
607
606
606
607
614
625
632
649
660
664
663
707
741
761
766
806
775
737
691
693
692
698
691
711
722
709
687
697
669
650
638
634
633
646
663
674
659
636
650
648
643
632
622
614
610
604
604
604
620
644
616
623
643
652
658
682
696
712
705
688
664
641
633
632
618
627
669
716
748
741
787
796
763
757
738
723
706
698
705
717
736
726
738
772
793
786
763
723
722
728
739
739
720
740
772
813
827
789
733
720
695
674
661
669
686
692
735
726
736
699
687
667
662
672
671
683
694
699
693
692
699
689
679
687
692
672
678
660
676
661
645
619
624
617
620
622
633
645
646
625
623
621
623
629
639
656
674
661
675
684
698
672
690
703
706
687
725
740
730
758
730
697
721
732
751
753
796
775
773
749
759
790
777
770
773
726
696
671
709
729
763
762
766
765
753
763
750
726
743
767
743
765
743
730
729
795
810
805
828
818
797
825
822
774
748
766
750
711
771
816
787
732
718
710
709
702
694
667
650
635
621
609
637
652
680
703
735
737
766
761
708
704
766
871
908
809
868
855
775
797
803
862
923
924
903
892
821
908
977
979
935
837
797
762
760
855
936
942
958
988
1001
943
953
967
977
989
906
897
954
866
811
802
849
817
817
800
792
940
910
901
884
848
867
821
821
839
813
789
824
919
1073
1043
989
947
922
896
828
786
842
922
979
946
982
940
955
927
846
794
833
867
904
832
893
975
1007
997
923
809
866
920
954
984
1034
1017
944
878
766
813
946
876
809
950
987
1006
988
1022
1021
948
891
849
841
914
1039
1110
1076
1013
975
913
489
324
816
846
919
944
893
910
983
1011
1004
972
896
939
988
996
939
897
979
1021
1056
1047
1007
1042
1002
989
969
904
854
934
1031
1032
1010
935
958
964
960
932
917
874
867
863
788
752
720
702
854
954
951
927
894
861
824
771
737
752
776
817
868
869
896
859
841
854
858
862
843
853
849
869
885
929
931
933
923
808
838
825
858
818
820
810
767
813
853
893
907
855
856
805
777
808
836
775
822
824
817
838
836
844
843
835
824
815
845
864
863
866
849
766
749
781
812
858
888
849
791
815
807
825
788
802
833
852
881
815
766
776
781
829
905
951
967
938
876
798
813
813
762
798
829
873
854
845
895
918
857
850
863
848
935
936
935
938
896
810
760
771
803
874
824
869
905
936
882
801
748
756
763
739
711
725
774
875
934
945
961
896
916
899
835
776
734
741
747
793
887
958
970
839
778
771
872
996
975
952
956
913
871
869
834
889
948
976
1006
983
938
866
858
843
878
923
914
896
896
822
783
808
880
969
961
924
913
927
946
923
889
869
877
857
820
874
918
941
933
941
907
855
814
848
852
875
814
859
928
921
903
905
870
792
796
762
723
708
705
707
728
780
857
887
845
881
911
885
811
819
815
851
822
875
897
852
791
779
809
827
828
805
813
828
828
842
840
853
863
902
893
878
899
884
859
911
940
929
910
802
835
868
891
937
994
912
930
936
864
902
914
924
900
881
839
874
884
870
832
833
877
918
881
868
808
770
766
803
808
764
777
770
724
702
708
732
777
854
893
897
867
840
830
791
773
771
777
788
779
742
750
742
733
763
779
770
771
795
811
793
818
841
836
820
840
819
805
783
807
813
828
831
816
814
787
776
802
814
808
812
828
822
819
824
846
857
836
841
837
787
808
805
799
809
834
852
848
838
836
805
780
801
795
786
796
817
817
763
768
786
787
776
753
771
761
738
757
762
757
750
773
796
789
770
749
748
766
785
830
854
845
842
844
822
795
780
753
719
699
714
729
758
784
748
785
803
776
717
756
762
762
749
769
785
814
807
821
852
842
795
788
757
713
714
711
688
678
696
740
794
813
764
748
743
694
700
718
751
808
818
778
736
701
710
731
755
777
728
750
782
826
858
848
788
777
772
778
771
768
771
758
734
711
719
758
851
893
933
927
964
970
885
865
869
876
889
876
854
824
775
771
767
723
705
736
786
850
890
851
868
813
772
818
856
860
843
789
797
836
870
844
878
904
956
972
932
945
968
895
825
792
818
897
978
961
861
813
853
880
865
819
895
914
835
782
738
741
750
721
731
748
786
758
705
689
722
749
816
814
757
772
828
867
848
782
811
827
812
763
760
769
795
788
769
719
719
728
735
726
711
727
768
780
763
727
760
768
742
772
826
861
807
798
835
806
769
722
689
788
842
848
843
840
814
799
792
757
736
720
716
737
771
763
762
805
795
819
798
798
729
749
747
741
781
815
805
777
773
802
800
772
757
743
720
700
679
694
735
804
776
774
826
878
926
898
900
807
780
781
787
796
822
840
803
760
756
825
895
953
906
868
802
810
767
747
756
772
839
896
908
890
857
827
747
706
694
721
789
877
932
862
874
898
918
925
856
880
903
840
822
865
929
957
891
952
980
963
893
904
902
842
785
824
920
975
910
911
922
919
956
979
1003
968
934
913
926
855
844
904
947
897
804
801
886
973
989
889
854
899
930
868
871
925
944
896
872
909
944
899
915
940
942
883
937
977
967
875
924
966
926
879
903
878
804
808
833
887
817
751
748
786
813
813
797
768
763
761
746
751
743
709
730
738
752
766
707
688
745
918
901
932
905
872
794
815
773
854
867
817
782
811
864
918
936
856
786
778
761
721
704
727
784
845
888
910
946
949
831
835
828
787
752
761
771
801
829
835
842
834
845
863
876
879
906
874
784
730
713
724
754
777
776
768
845
895
869
813
769
783
815
875
932
947
859
882
936
924
866
913
970
979
918
952
938
906
874
951
989
934
891
936
911
854
888
879
979
902
920
951
911
893
946
927
883
944
944
896
864
908
946
957
907
939
932
870
870
866
893
943
882
934
947
870
862
804
749
771
847
845
864
942
979
908
899
911
922
872
868
912
938
910
791
779
826
907
894
856
784
741
734
732
744
736
710
691
684
749
757
766
795
783
743
688
682
676
696
752
837
800
747
774
792
838
870
891
857
763
745
734
718
726
786
804
827
775
743
750
747
753
771
795
783
772
756
731
724
726
771
876
920
1005
981
934
938
936
874
776
810
820
845
782
851
893
896
959
893
820
745
744
736
752
749
739
724
756
746
726
725
726
755
745
703
716
735
772
834
859
900
863
866
857
876
867
903
875
883
875
860
861
880
881
847
845
855
849
820
836
899
944
875
877
880
885
854
885
860
832
842
908
916
903
872
904
884
849
869
874
822
854
876
889
867
921
905
874
888
879
836
871
877
858
907
919
895
874
880
845
815
858
898
865
869
907
900
851
848
844
816
825
867
869
814
815
809
784
751
793
809
830
782
795
821
788
758
747
716
701
677
661
652
651
670
721
790
769
827
820
821
797
742
698
694
715
770
835
816
890
946
880
810
866
865
808
757
751
738
754
791
790
810
854
887
893
859
827
851
871
843
947
948
890
833
861
902
946
948
948
958
881
890
910
938
919
992
852
805
824
846
867
828
802
801
800
809
793
845
853
818
785
798
829
837
865
883
845
876
879
852
885
888
862
886
914
898
848
889
879
864
854
816
822
879
875
833
845
841
800
755
758
779
802
841
833
821
837
853
847
838
873
887
865
862
892
914
877
881
895
870
829
871
880
877
854
904
943
913
926
911
869
905
896
839
778
789
848
938
1022
944
953
936
861
769
730
736
878
916
936
943
933
934
902
915
877
862
864
902
882
901
938
951
912
864
790
775
773
778
772
729
716
700
692
702
688
685
710
770
812
777
755
789
810
849
870
824
807
790
759
720
690
679
655
674
706
779
790
853
873
797
854
888
891
804
854
862
887
798
798
838
913
886
858
838
751
771
779
794
830
875
883
888
914
903
869
856
908
930
936
877
923
923
832
800
859
957
984
857
902
897
832
831
865
899
873
922
874
799
840
857
865
830
877
901
865
897
923
910
938
971
945
925
931
940
900
915
903
828
854
912
994
948
1005
946
840
850
844
865
883
916
910
908
909
878
885
897
864
870
877
851
841
866
862
868
887
826
754
734
761
839
909
917
889
858
809
754
761
732
704
688
687
691
713
728
730
696
677
665
654
665
737
765
814
837
836
817
794
833
861
856
852
821
815
788
741
744
746
813
833
826
813
806
787
755
745
749
765
773
787
839
904
904
851
854
878
884
807
787
855
944
981
893
918
928
922
860
908
963
946
910
910
845
765
756
748
727
721
730
760
803
880
893
916
923
897
831
812
775
811
827
838
890
933
988
944
920
916
843
856
854
895
868
923
976
951
901
930
912
895
822
828
832
869
883
935
964
896
897
889
868
861
880
961
1000
933
885
869
828
817
822
825
842
893
893
882
896
876
820
826
836
815
825
849
874
820
833
832
820
799
807
810
813
809
831
854
830
775
768
788
787
768
759
714
707
727
737
797
784
817
905
959
1014
988
904
889
895
880
850
779
735
739
792
843
866
813
831
831
847
813
777
762
754
730
701
689
691
730
813
864
816
804
778
774
764
744
710
692
669
657
671
674
656
671
685
688
684
700
782
898
942
966
924
895
834
779
793
811
840
875
897
882
874
831
812
780
782
792
819
787
833
872
902
854
869
894
942
913
927
904
836
889
899
921
902
942
926
860
817
813
850
908
826
879
877
855
813
822
833
855
835
841
813
767
740
731
750
814
919
957
945
866
872
894
942
921
861
858
879
884
898
893
880
854
784
769
813
888
969
940
944
954
943
857
856
878
889
842
917
909
857
844
868
880
903
942
888
837
856
851
816
856
896
899
787
760
780
762
755
751
749
743
721
687
674
670
713
781
807
875
895
866
862
864
873
812
789
807
836
878
884
914
911
910
905
871
846
779
768
811
895
979
978
918
970
975
973
945
923
910
902
926
915
886
891
920
913
826
880
925
923
827
861
890
931
835
805
854
892
863
812
791
758
725
729
730
756
826
851
851
829
823
791
743
759
784
853
880
864
974
1024
926
938
911
894
812
838
879
908
856
941
921
911
896
894
865
860
932
998
896
924
929
865
793
842
883
866
824
924
958
892
859
888
895
843
855
922
888
837
922
938
861
798
748
755
813
896
915
882
951
969
946
856
782
756
770
808
869
834
831
911
929
906
842
855
804
756
770
773
779
790
753
727
735
734
703
689
690
734
765
797
782
768
787
776
752
744
737
738
736
751
750
748
737
763
788
811
847
806
827
779
771
803
818
860
795
820
802
782
736
740
731
762
808
811
761
777
787
792
776
733
707
708
710
714
714
718
744
758
777
752
779
787
797
781
777
789
814
807
813
845
824
771
776
761
740
713
706
699
718
736
732
752
760
756
750
760
774
779
795
778
810
824
848
837
856
876
849
833
813
804
775
774
776
798
788
790
796
814
797
771
782
782
770
780
765
773
766
770
761
774
799
800
814
822
840
844
822
792
782
771
769
752
737
734
732
824
907
919
908
875
837
786
749
735
735
742
761
777
783
802
800
819
822
818
797
776
754
729
714
710
703
692
706
712
757
742
698
696
735
763
803
794
747
751
725
712
685
676
675
673
689
707
710
727
735
736
727
708
710
713
694
676
661
651
642
637
642
661
711
757
801
822
826
847
848
839
812
784
816
833
813
833
859
876
821
779
784
891
983
968
942
825
801
813
849
941
893
953
995
955
863
897
901
890
838
881
897
921
873
916
898
841
796
784
766
795
762
737
777
787
811
827
841
826
786
753
763
788
828
865
892
884
840
878
902
865
844
844
840
816
825
827
818
805
837
859
863
812
867
903
863
816
864
870
855
814
843
869
865
861
884
881
857
866
892
897
856
889
905
902
878
880
870
830
815
823
847
809
856
873
867
846
858
837
790
765
742
754
790
832
870
934
871
878
854
826
781
732
729
720
728
713
706
705
729
801
864
888
892
892
849
805
759
749
757
767
745
746
747
744
798
802
794
778
782
766
744
722
708
708
695
697
689
675
656
648
638
630
648
722
805
837
863
904
934
901
885
858
836
797
831
860
906
919
960
965
934
865
894
917
955
860
900
928
921
890
928
945
917
886
875
818
751
768
767
809
851
791
762
807
814
795
752
733
751
808
872
864
896
948
892
853
871
852
800
800
784
750
787
824
845
903
959
941
834
851
886
878
837
789
796
854
940
964
886
828
841
875
908
861
800
802
818
843
798
782
829
847
841
822
846
834
807
767
791
804
870
857
819
871
884
868
796
805
828
857
812
859
843
803
798
851
911
928
861
888
877
843
813
854
819
824
750
724
705
703
812
844
859
826
779
751
712
701
706
743
783
848
915
899
850
866
861
834
789
776
776
769
786
789
792
792
798
766
756
776
803
802
855
881
854
836
820
824
812
835
878
904
861
902
952
915
870
878
864
867
871
871
867
833
867
879
820
832
813
812
869
884
892
827
828
814
800
754
716
691
666
665
688
757
813
836
857
882
860
879
896
877
851
851
842
830
864
877
843
843
822
800
786
804
855
860
865
835
810
768
782
789
785
750
784
796
805
775
779
808
821
844
844
820
783
792
787
790
764
766
775
779
769
748
775
788
798
782
749
764
764
764
780
755
768
781
779
758
765
753
755
741
779
777
778
756
760
756
749
727
708
729
743
764
771
776
765
769
762
770
745
715
706
712
724
725
710
689
672
685
708
732
773
795
799
820
826
793
761
738
715
708
708
703
675
662
658
648
647
656
657
652
648
648
683
733
784
878
840
816
797
796
776
732
719
708
705
704
696
693
695
700
703
706
695
692
699
774
878
945
978
969
916
861
827
781
760
787
857
937
924
925
906
885
906
902
851
782
763
743
737
704
744
729
734
733
766
813
832
840
836
787
780
768
760
768
747
753
765
794
802
861
888
843
847
855
848
841
812
781
795
814
829
791
805
807
850
861
886
886
882
818
820
811
769
756
775
799
878
874
882
871
856
846
813
822
805
768
784
822
868
904
848
825
802
788
744
722
713
730
779
849
885
872
808
805
792
786
750
770
778
771
741
758
744
751
734
766
762
772
776
829
821
765
751
726
711
743
722
718
701
683
735
761
789
795
791
816
815
780
754
763
769
768
771
749
730
716
700
709
769
880
950
879
864
803
745
725
720
711
724
748
739
763
801
855
945
939
960
971
947
848
828
837
856
934
991
951
985
1002
960
916
949
938
868
910
916
822
842
820
799
754
798
833
872
891
946
895
841
845
816
769
755
784
809
829
835
868
896
903
889
899
879
805
819
844
866
858
903
871
907
882
877
826
798
864
908
994
877
924
919
834
878
900
888
851
922
936
868
888
934
899
878
939
962
869
900
849
795
847
866
930
922
908
895
863
884
872
811
845
846
837
790
853
843
782
831
836
799
786
844
860
845
772
819
792
781
775
774
733
764
757
753
732
751
788
847
822
864
892
840
790
775
756
731
710
688
672
666
658
662
653
635
633
635
653
690
716
801
800
800
730
739
740
746
728
721
704
679
689
702
692
684
705
705
734
776
805
774
735
732
734
743
743
716
716
725
762
790
774
747
733
778
793
836
812
774
737
746
786
806
829
831
798
722
714
724
795
819
787
830
917
917
844
865
858
787
805
810
813
815
892
954
904
933
974
951
961
1025
1017
942
944
961
936
953
976
959
922
964
953
823
828
854
902
965
964
907
886
830
873
910
945
870
875
891
908
822
883
972
965
938
956
891
883
930
972
999
943
939
953
958
892
935
938
948
942
966
974
926
948
903
825
840
831
805
768
804
846
890
849
892
889
866
852
810
774
731
749
783
817
805
771
765
769
737
707
694
673
688
714
757
821
842
813
787
749
712
689
677
683
805
890
963
1029
980
953
876
824
873
958
987
992
979
957
906
797
784
771
820
848
900
933
961
979
973
952
902
886
890
902
955
948
913
867
768
729
711
763
799
948
907
919
927
877
830
819
796
835
861
850
818
826
886
889
943
953
1010
1032
938
857
845
854
864
872
885
833
852
834
923
991
1002
1031
911
885
855
814
840
828
823
800
757
710
689
681
680
688
754
824
854
876
892
897
815
844
833
870
876
849
821
790
835
876
912
911
879
863
839
811
841
850
807
851
903
916
825
834
847
832
755
789
787
794
778
747
780
781
787
738
728
729
728
729
729
757
786
797
825
859
808
771
737
711
725
732
746
771
730
704
693
704
729
771
813
807
787
777
780
772
768
771
787
803
817
813
829
819
824
813
769
746
746
751
882
983
979
945
923
892
851
834
838
817
802
776
774
778
766
738
709
724
745
770
757
768
759
729
733
762
806
849
851
837
824
776
757
729
739
771
795
841
861
872
855
854
849
827
796
774
773
771
782
799
814
798
785
802
808
801
770
786
794
793
781
808
814
800
765
779
762
745
720
719
743
762
776
785
780
752
776
792
813
804
780
784
786
766
772
775
769
747
760
770
786
812
837
813
804
794
788
789
762
746
776
791
835
809
757
750
749
761
777
776
753
739
750
753
754
750
738
712
706
713
719
738
735
709
691
690
684
693
702
721
757
769
744
768
771
759
729
698
676
660
642
619
604
603
599
597
600
611
625
660
733
813
837
809
828
854
840
859
872
854
842
826
851
865
826
763
785
826
889
915
847
906
950
944
896
942
968
973
965
979
959
874
908
963
929
1041
1092
908
819
773
769
801
869
887
877
878
859
885
869
860
847
882
906
916
928
937
890
878
854
818
850
845
852
910
996
961
896
815
832
864
883
869
802
831
847
861
856
790
793
825
861
842
796
819
826
808
774
726
711
704
729
755
756
773
819
868
839
873
873
842
867
854
824
828
841
855
892
929
939
974
942
906
839
774
771
789
808
830
870
891
888
783
755
759
757
750
718
700
715
733
766
802
745
748
760
737
731
699
694
685
680
711
781
843
816
779
748
744
764
763
730
704
685
659
641