2015
2285
765
6353
533
527
521
516
512
513
521
538
583
616
611
631
615
616
625
615
612
598
571
562
558
565
588
615
702
827
725
713
698
698
692
669
653
631
601
586
589
635
821
812
814
740
684
665
642
623
580
558
543
538
557
722
1017
896
887
839
757
672
624
599
587
580
577
571
563
563
588
678
744
730
740
714
687
633
635
645
708
766
732
726
705
682
672
655
641
632
656
689
699
740
758
758
764
729
700
675
656
635
625
623
677
766
798
805
808
775
771
727
678
664
646
651
667
689
692
694
696
691
679
665
646
622
610
587
575
567
569
577
616
662
694
720
697
688
678
656
653
648
645
637
636
625
625
620
621
641
634
632
639
638
643
648
673
645
644
641
636
646
653
638
639
668
647
646
653
684
691
682
675
675
624
606
608
626
646
678
655
686
656
658
641
640
645
643
640
642
638
628
631
627
635
642
662
666
641
670
651
632
608
595
584
585
585
575
573
569
567
568
569
567
565
562
559
566
568
573
575
578
587
597
595
600
603
603
600
602
595
587
579
582
588
599
609
605
611
623
621
608
598
590
575
567
563
563
575
597
665
701
661
646
639
634
633
634
637
637
611
590
581
575
582
597
602
602
608
604
594
586
578
574
571
572
581
583
593
620
640
646
633
636
624
608
592
584
572
563
556
554
553
558
566
595
679
773
748
726
684
656
607
585
579
558
551
548
555
569
604
652
678
685
673
655
628
610
595
581
564
555
544
539
541
549
578
785
811
760
812
710
672
633
591
573
557
543
535
533
534
534
542
545
551
557
558
564
567
576
573
566
570
593
617
671
638
642
644
671
671
638
627
602
581
568
568
586
662
716
758
864
866
824
775
724
692
666
651
651
659
669
658
645
651
651
653
644
631
611
603
599
608
622
636
635
626
617
607
603
599
597
595
594
597
602
612
618
619
611
604
605
601
595
593
604
620
666
705
705
690
661
639
620
607
594
601
607
640
665
673
722
755
729
708
680
664
649
640
641
640
627
630
656
691
749
672
663
646
642
641
649
637
615
604
625
771
841
819
771
711
677
642
625
615
603
593
597
600
598
601
594
591
590
586
577
572
578
587
604
617
622
630
630
615
598
591
594
604
610
626
643
632
638
663
644
633
618
598
600
646
718
703
658
646
641
636
624
616
612
595
582
567
568
569
569
568
569
574
591
608
628
630
638
632
626
622
617
616
615
612
614
612
613
608
608
612
606
600
594
592
578
578
579
579
575
580
589
601
594
598
601
602
596
596
597
585
578
576
579
585
596
603
640
665
683
688
680
678
661
642
626
610
597
589
587
573
582
594
604
602
628
675
728
719
726
705
683
652
630
612
604
598
599
605
623
643
651
649
631
629
625
629
627
627
631
632
624
636
661
680
702
695
678
666
643
630
596
578
581
614
1006
824
836
827
753
703
663
629
605
600
600
592
586
587
589
604
620
613
634
633
628
623
616
604
612
624
641
667
702
725
699
688
677
642
630
621
622
623
623
625
627
641
631
617
628
682
663
655
633
623
613
603
594
583
577
571
577
591
607
646
646
650
642
633
611
591
592
598
630
680
714
716
713
714
657
648
635
628
634
659
680
714
768
745
696
670
668
668
662
654
641
627
619
613
616
616
631
646
669
691
704
702
690
676
669
640
625
617
613
617
616
633
667
695
697
704
717
699
699
678
676
682
645
631
631
638
655
658
669
713
733
756
755
699
670
644
618
604
598
605
629
717
753
831
769
705
691
658
634
611
599
584
575
566
562
560
565
594
652
667
648
647
637
616
610
612
620
620
613
617
621
625
635
637
646
631
622
612
607
604
612
633
676
729
744
761
738
716
692
672
662
640
634
626
619
628
709
842
815
787
751
759
751
733
708
696
691
681
687
688
688
683
692
693
687
696
694
689
679
667
651
646
641
630
610
603
599
592
585
589
586
599
611
625
629
645
654
633
633
630
636
630
628
621
616
602
594
594
601
614
633
668
725
750
743
742
685
669
654
637
635
635
637
640
654
669
708
769
768
727
734
711
701
671
656
642
631
628
636
675
729
750
787
783
794
768
737
716
696
682
676
670
675
687
715
726
729
725
701
666
657
647
642
633
627
624
621
610
603
605
603
591
594
593
600
596
598
601
605
611
615
612
607
612
617
631
647
625
644
709
725
753
695
693
665
649
641
632
639
651
683
704
752
755
729
717
698
688
665
653
646
644
631
622
623
640
655
644
660
662
644
638
632
625
615
606
602
602
591
596
597
608
624
631
632
629
643
669
677
660
660
646
635
629
614
615
624
636
645
690
709
716
697
673
658
641
626
627
635
674
724
688
724
703
678
657
659
641
640
635
628
616
621
624
641
669
678
699
705
670
671
687
692
694
682
687
681
657
665
699
701
704
700
689
667
654
648
642
632
630
653
665
735
733
778
799
774
743
740
719
691
685
679
668
660
651
651
662
750
863
865
834
793
744
714
691
676
654
647
646
643
655
680
701
752
763
687
678
646
639
629
632
633
628
634
632
631
632
629
619
615
615
610
606
608
609
614
616
619
625
622
620
621
614
611
606
605
605
608
611
623
643
642
630
617
605
598
591
589
585
585
588
607
653
688
722
714
701
669
653
637
624
618
622
631
650
695
728
738
748
741
696
682
663
658
652
656
667
671
676
681
680
667
668
681
669
661
640
623
606
603
602
604
593
600
634
712
724
685
692
674
650
637
631
626
614
619
671
925
856
865
867
848
845
796
774
753
736
698
691
684
698
683
708
728
735
727
753
763
734
709
688
675
659
646
646
650
662
660
654
643
647
659
648
644
633
624
614
605
604
600
606
628
652
673
686
665
677
705
685
668
650
639
625
627
635
642
649
688
702
704
690
688
678
664
651
652
646
644
644
640
645
641
649
656
665
658
655
658
641
636
639
633
638
650
664
661
660
664
652
655
660
668
659
652
659
652
652
662
638
640
633
628
636
655
669
707
712
706
693
689
676
662
667
649
634
635
633
656
857
985
948
834
768
716
687
667
643
643
639
637
638
648
649
662
671
681
699
683
695
681
684
687
691
690
694
697
711
706
708
699
692
679
668
649
648
648
659
666
687
730
757
734
747
735
689
677
651
647
638
639
645
682
719
776
770
799
803
778
746
718
690
675
661
656
694
788
852
837
780
753
737
709
680
662
642
637
635
634
636
717
742
813
834
814
792
798
794
774
745
703
685
674
677
693
738
762
812
783
797
781
777
771
751
715
693
688
682
690
712
765
789
822
794
790
765
731
703
673
661
646
650
642
656
704
741
694
704
688
686
669
659
672
668
660
662
663
678
680
670
678
681
670
673
682
694
754
796
801
808
792
771
732
704
675
672
682
732
817
870
860
881
876
807
754
734
717
688
655
683
703
836
883
870
836
779
738
710
680
667
672
687
712
745
770
771
751
754
744
738
722
712
706
694
691
694
704
706
727
725
729
733
729
723
711
695
669
668
658
676
709
733
749
748
753
761
721
719
702
706
722
711
722
740
733
729
739
716
707
712
733
727
754
756
748
758
741
726
719
721
744
786
796
807
805
796
762
732
718
711
715
713
734
766
802
765
775
766
738
731
700
686
686
684
689
736
745
753
738
716
709
688
684
700
715
706
691
688
693
666
685
694
693
684
664
655
652
647
641
646
666
667
661
663
687
677
679
673
658
664
656
639
641
643
655
660
737
762
762
730
725
705
679
665
661
661
657
666
689
731
714
684
706
735
750
772
733
713
702
685
678
656
651
663
705
776
893
901
898
893
826
779
758
729
705
688
689
698
713
753
741
723
750
765
742
733
706
688
670
653
632
615
605
598
596
607
614
622
633
620
629
633
640
648
646
644
642
636
630
620
616
608
612
620
637
673
691
759
744
709
728
719
717
719
701
689
704
703
712
666
677
685
703
711
704
673
666
649
636
629
627
620
610
608
609
617
625
627
651
653
679
677
662
659
656
646
640
633
627
622
619
632
631
647
679
701
729
743
732
718
721
719
717
704
702
696
690
691
698
659
669
691
736
757
747
782
739
704
693
685
670
642
633
629
633
639
665
696
713
714
683
662
660
644
638
636
626
625
609
617
635
691
737
767
803
783
766
735
714
679
669
670
684
674
716
760
817
779
758
756
735
726
698
686
672
660
651
655
669
701
721
827
909
960
890
819
790
744
725
704
696
701
713
703
707
705
707
708
698
690
692
692
722
725
721
709
687
669
651
633
611
602
609
636
667
718
896
825
820
789
758
723
704
684
666
658
666
684
713
724
734
732
761
768
771
758
752
734
729
713
708
688
682
688
682
694
735
743
739
738
729
688
698
701
687
668
658
635
645
650
687
751
747
750
726
700
670
649
638
640
653
660
679
688
681
681
676
680
675
666
649
649
656
649
651
649
645
638
634
632
638
655
688
705
749
791
771
757
724
678
676
654
653
651
644
675
694
737
734
759
754
744
708
698
671
645
631
607
604
596
596
605
606
598
596
598
599
613
613
608
607
605
604
608
623
646
686
746
772
826
803
777
767
760
749
760
778
794
836
836
807
814
794
783
761
718
720
722
753
786
771
780
767
760
732
713
695
687
665
645
635
637
665
755
799
799
778
775
759
709
696
678
668
661
693
755
862
862
913
893
855
809
767
720
695
667
655
667
701
793
914
889
923
914
849
829
798
762
745
738
740
762
750
745
744
727
752
790
849
843
858
838
826
835
807
784
761
795
794
752
750
755
754
763
757
727
688
675
666
676
707
719
721
711
702
697
699
705
719
726
730
743
755
764
742
719
709
706
709
714
736
759
787
770
764
763
761
747
724
725
721
730
737
771
821
847
818
804
798
776
754
755
756
749
745
759
779
784
760
761
754
732
722
720
728
740
738
749
753
755
764
764
750
726
712
686
667
669
678
688
721
757
800
799
795
782
751
733
732
718
709
729
755
759
785
813
796
779
784
763
758
717
715
702
704
692
704
710
735
714
740
754
750
740
718
698
686
682
673
684
713
770
806
802
781
775
773
766
747
731
723
721
725
739
750
755
769
753
753
744
748
741
729
715
718
737
757
759
761
758
745
725
693
677
664
646
651
668
717
772
787
784
808
795
734
733
717
714
732
733
716
727
730
761
788
781
783
788
814
808
792
773
759
743
745
740
743
777
815
826
850
872
875
854
813
786
756
716
714
726
777
823
844
898
892
828
781
748
729
716
705
681
674
669
694
766
870
904
877
833
770
747
721
714
719
754
791
812
853
869
859
825
801
788
776
763
748
723
724
726
761
783
824
800
813
819
838
813
808
753
736
722
719
735
756
778
813
863
875
861
830
811
776
773
774
766
744
765
782
813
790
784
781
771
769
740
726
704
680
675
666
663
663
675
663
645
653
691
736
774
792
784
779
771
760
751
744
733
710
704
699
680
673
666
684
690
699
708
692
701
708
711
701
698
702
702
681
669
674
686
699
725
735
743
741
731
720
705
703
703
706
704
713
723
734
729
727
713
703
690
697
701
715
722
722
720
718
716
712
699
705
706
711
724
729
726
732
734
734
729
717
704
702
703
713
727
728
740
743
745
727
726
715
713
705
715
721
727
697
690
701
717
719
725
709
716
709
707
695
683
677
676
680
693
708
705
726
789
834
822
771
737
715
698
677
659
642
649
654
664
681
673
660
682
680
697
715
725
729
718
719
716
715
714
720
733
735
750
745
735
750
751
757
743
730
724
729
731
740
759
801
814
781
777
771
757
748
747
736
729
727
734
741
746
732
749
747
743
743
740
734
706
712
705
707
696
706
717
729
729
729
726
713
710
712
722
737
736
755
751
757
755
737
735
725
720
712
721
730
742
766
748
759
751
741
727
723
716
703
689
691
692
702
723
750
822
842
851
860
810
778
754
726
708
697
695
681
688
688
706
702
707
703
715
710
694
705
699
682
686
683
682
678
682
683
691
708
712
729
744
759
745
744
735
727
727
729
735
746
767
774
773
742
731
712
700
701
689
692
691
689
671
677
684
709
711
716
714
705
709
701
687
690
689
707
723
740
754
751
764
770
764
750
733
710
696
694
716
741
761
789
811
803
785
780
762
742
714
703
696
688
687
653
674
660
671
673
671
665
678
677
670
669
672
675
672
663
654
644
639
634
626
616
624
635
660
675
729
773
809
786
771
765
762
755
741
716
706
704
697
708
714
715
735
722
736
710
693
683
671
649
639
642
649
663
658
684
716
729
739
736
737
718
705
684
674
655
654
668
688
680
683
729
760
821
862
856
843
833
814
806
778
757
708
688
525
416
2375
756
834
859
845
810
763
732
691
670
642
624
637
666
809
930
897
835
821
794
771
745
735
734
722
698
690
693
712
765
782
813
808
828
799
748
720
688
666
660
664
678
703
749
784
772
785
765
758
745
728
708
690
691
719
732
814
922
975
884
829
793
764
738
721
701
692
687
689
705
731
786
799
813
804
789
753
716
702
687
686
690
700
715
727
704
704
705
706
709
689
691
698
706
711
727
718
726
731
745
750
759
784
781
791
778
769
723
697
684
670
652
658
685
731
762
771
774
769
755
727
719
692
677
658
635
631
620
640
690
749
772
789
762
767
740
718
695
686
662
642
649
655
687
723
723
711
733
747
760
756
759
763
756
711
675
641
648
624
620
632
645
652
658
655
670
685
700
721
719
716
714
718
719
723
731
743
719
711
706
690
703
712
720
722
711
722
719
722
715
713
724
715
697
694
689
721
798
864
926
897
878
843
787
742
711
688
672
679
694
724
747
771
791
782
798
800
818
810
788
763
746
736
719
713
715
713
730
758
788
795
780
784
779
759
759
755
756
771
753
757
763
768
792
810
802
805
806
803
766
760
742
727
723
722
723
761
813
863
879
877
823
806
784
758
736
724
713
720
743
783
785
795
796
760
756
748
733
711
697
688
687
665
680
684
704
727
723
748
753
774
790
780
802
804
771
764
742
737
753
742
731
736
758
775
772
750
742
742
726
727
739
754
789
802
777
774
816
839
851
835
846
798
777
751
750
733
740
770
805
864
880
868
837
764
740
713
694
665
664
646
638
621
610
603
610
633
680
748
733
760
763
768
747
755
751
747
744
722
702
708
687
682
708
729
773
795
802
789
807
807
789
789
770
772
768
753
749
741
709
715
727
737
736
733
724
719
705
704
697
684
654
650
640
637
646
658
663
700
728
749
742
743
721
695
686
665
651
640
634
635
644
663
669
718
772
842
862
838
789
764
752
733
704
693
669
683
684
708
725
718
739
762
738
741
736
729
717
708
701
700
690
685
690
708
723
749
748
735
742
733
705
712
712
724
725
730
714
668
666
639
636
640
638
651
688
709
726
722
707
689
693
698
692
688
690
682
705
713
760
761
759
753
743
737
710
688
656
638
627
607
596
625
704
953
861
885
841
820
799
751
734
708
698
703
695
675
671
689
724
786
816
819
795
770
758
738
704
705
703
695
706
721
727
756
782
773
759
712
726
709
732
739
732
716
680
682
654
656
644
642
629
629
623
620
621
625
660
725
767
767
746
756
756
757
719
711
719
745
795
813
820
813
796
780
743
712
706
713
756
821
896
935
911
872
830
793
750
739
743
742
786
835
847
795
725
734
722
753
777
760
744
723
709
698
680
684
686
696
710
688
704
709
726
763
789
794
779
749
734
721
706
691
682
681
670
692
715
761
774
783
777
759
720
708
688
671
657
654
652
687
715
810
834
863
826
831
821
813
745
729
723
764
843
917
870
906
917
888
862
822
795
770
748
762
755
760
773
787
825
821
837
831
809
785
765
729
719
706
784
921
999
979
971
855
831
802
780
758
747
742
719
728
763
834
850
848
848
849
822
802
782
765
753
768
800
842
834
846
830
854
838
815
790
791
782
771
792
814
838
794
793
767
734
731
713
716
718
737
744
745
749
759
745
762
772
772
742
740
733
730
729
750
752
767
777
802
836
813
828
837
820
788
778
767
734
738
743
786
810
797
828
853
849
787
762
734
730
723
728
750
789
818
886
945
945
898
880
844
819
801
795
790
762
755
768
802
856
876
908
906
833
749
757
706
694
691
688
695
707
724
748
758
753
743
732
749
751
769
791
831
865
871
872
835
783
748
735
741
775
800
807
781
768
757
744
718
711
686
681
671
681
687
688
684
711
723
703
708
717
713
713
715
719
710
716
727
748
770
768
771
788
797
802
787
771
764
752
754
740
761
758
783
743
746
732
742
733
745
746
774
762
775
743
716
714
714
709
749
767
779
810
816
785
796
806
787
744
736
725
726
729
729
740
747
765
802
838
845
837
823
792
742
733
732
750
789
817
892
896
882
867
844
826
802
787
761
759
776
812
812
834
847
808
822
806
763
753
744
721
720
732
799
888
822
769
788
784
784
762
721
706
693
687
692
722
772
826
871
878
863
838
788
754
737
723
756
764
732
786
802
817
820
824
805
808
793
773
764
757
748
743
763
811
852
884
893
868
838
829
810
802
803
819
868
872
862
831
833
841
874
869
827
851
856
863
844
825
821
818
783
804
824
842
813
801
787
785
747
755
766
803
788
791
775
749
728
725
716
695
693
661
663
653
644
641
645
640
643
643
644
631
635
640
641
638
630
623
620
620
635
686
801
886
906
922
891
875
855
824
805
768
757
766
791
798
799
802
791
774
777
781
761
758
768
756
722
719
720
734
752
752
764
757
733
736
728
729
720
729
737
741
758
749
742
739
730
728
728
725
729
738
745
727
728
730
748
773
770
768
734
724
703
688
668
663
658
664
686
718
730
712
735
743
759
750
746
743
712
678
674
655
677
754
794
861
899
872
830
812
777
760
693
664
645
637
651
676
720
703
717
716
709
755
722
732
707
671
640
637
632
638
688
701
710
711
701
681
670
667
666
676
702
721
761
752
813
778
791
762
742
720
719
705
694
699
685
713
696
683
698
695
711
698
729
737
738
714
691
671
654
641
629
609
610
612
646
721
839
933
919
955
912
863
845
826
795
765
738
736
751
837
905
939
857
797
790
755
712
702
682
675
718
917
940
853
831
876
883
874
866
846
808
795
771
759
750
787
862
902
883
883
826
762
736
731
753
782
824
862
854
813
804
809
785
743
717
721
740
761
800
841
855
839
814
782
751
740
719
718
721
772
794
872
914
897
876
884
832
808
793
781
748
754
752
727
753
770
810
812
829
803
781
791
766
748
730
740
771
801
822
854
821
812
801
772
751
724
705
686
677
683
675
699
723
734
737
714
725
716
703
707
714
664
652
661
789
892
857
880
848
833
794
802
799
793
788
776
757
750
739
738
738
754
747
745
746
749
758
709
676
675
683
693
690
675
659
658
674
676
673
673
680
664
683
699
722
754
717
670
664
643
646
670
695
725
793
794
784
749
744
758
767
752
754
765
811
816
819
850
859
848
818
822
827
819
800
816
828
788
826
828
867
809
820
832
837
778
758
764
767
759
780
822
827
863
848
808
816
800
802
808
803
809
787
802
784
757
768
756
718
703
680
662
648
646
650
649
653
669
682
684
691
676
667
646
628
607
591
579
581
591
624
656
719
758
747
746
729
707
688
674
642
670
714
826
776
764
788
793
830
829
816
840
816
835
815
773
717
710
738
890
963
978
944
899
840
809
807
822
813
825
773
735
764
873
895
896
858
810
765
749
726
715
707
719
729
741
729
729
738
734
726
739
759
791
797
768
793
793
812
813
817
809
737
719
688
657
624
605
588
573
560
559
550
544
542
538
536
531
524
522
520
523
539
571
660
777
785
815
869
894
899
881
855
749
733
755
782
764
771
803
801
771
730
706
682
651
638
630
608
620
641
663
691
722
718
701
673
648
628
618
623
652
751
787
815
837
840
827
819
798
811
801
813
836
852
896
919
892
847
857
816
773
754
756
792
766
730
778
835
871
879
865
858
836
821
815
804
785
815
886
889
885
899
854
780
813
848
874
863
854
819
798
782
803
831
820
793
774
744
713
744
1163
1018
959
893
851
835
754
748
780
837
921
862
805
792
798
780
778
748
748
751
732
753
770
805
803
794
758
711
706
694
688
685
666
650
652
659
674
707
691
696
865
862
892
811
792
768
724
714
722
687
695
677
707
702
781
719
722
688
683
691
682
680
666
646
644
645
655
676
690
730
736
799
764
756
759
748
744
746
752
749
753
755
737
719
781
785
746
755
727
713
689
663
665
693
856
843
883
943
928
851
785
802
760
705
679
641
658
736
846
784
875
930
914
941
858
846
807
795
728
706
683
699
720
745
735
744
778
823
797
795
787
759
708
698
692
687
676
681
677
676
657
640
639
646
650
649
652
696
822
867
883
826
770
753
734
732
719
709
723
747
755
743
768
750
712
716
689
658
629
652
642
647
645
645
636
617
614
610
604
599
598
601
603
610
617
611
611
611
605
597
584
576
572
570
576
581
594
609
646
665
673
660
679
656
642
644
621
635
635
623
606
597
598
587
587
581
587
590
596
602
600
603
597
597
606
627
659
693
690
699
741
783
825
842
826
761
750
749
772
802
843
896
899
890
852
823
803
721
686
694
680
731
734
727
698
693
690
701
718
732
721
684
689
697
706
723
690
701
680
674
642
635
625
634
645
660
686
696
803
833
913
847
893
864
771
666
637
615
601
606
640
795
852
829
792
789
756
711
719
703
705
714
708
693
691
709
712
701
712
738
742
738
739
737
734
708
712
718
720
701
695
697
709
678
681
672
656
636
621
606
607
614
629
652
704
786
756
742
727
684
690
712
756
791
791
790
789
780
738
711
676
657
648
639
637
644
684
688
728
728
727
691
658
646
639
645
639
632
620
620
629
641
672
747
769
774
758
719
734
744
757
722
699
696
690
704
729
733
739
755
757
728
733
722
697
670
679
672
668
681
718
737
766
850
873
870
859
828
820
794
774
788
791
755
771
791
818
796
739
715
717
706
703
685
669
648
639
626
617
611
621
641
695
772
862
875
902
878
866
830
783
776
761
754
752
741
766
811
839
860
813
804
801
777
731
709
731
754
816
883
932
856
831
821
794
799
818
864
881
874
888
865
843
869
875
874
877
880
892
837
767
740
721
709
714
736
817
850
880
896
877
829
814
788
764
733
735
729
731
726
768
806
838
835
880
907
876
824
818
771
737
708
685
685
702
740
689
692
676
660
648
645
634
618
609
603
603
613
608
625
656
672
677
674
678
672
680
693
751
713
711
708
742
747
752
741
745
781
785
776
765
763
763
718
729
760
788
792
766
742
752
724
727
722
726
740
763
787
806
808
791
790
788
786
775
765
769
738
753
803
866
792
750
770
796
785
765
745
742
735
740
735
728
705
690
692
693
728
774
837
806
792
794
781
792
821
804
771
756
756
802
898
932
909
832
806
741
698
672
667
731
938
967
900
924
889
824
784
749
735
715
704
704
717
763
798
780
756
766
772
789
811
789
760
745
733
723
706
714
724
775
831
846
835
804
772
750
741
751
746
765
813
852
831
811
786
803
808
802
795
788
786
790
784
767
776
798
812
817
806
805
794
786
761
774
797
838
840
830
831
823
807
777
771
777
756
729
770
768
781
777
753
736
735
719
716
703
690
674
673
700
804
896
853
854
875
861
872
826
782
755
765
747
733
724
711
706
717
742
770
796
887
938
922
915
895
859
827
802
783
792
809
851
899
909
896
888
850
819
809
805
797
777
791
803
758
750
756
772
741
708
710
708
722
727
731
736
725
726
718
727
737
745
758
767
768
756
746
730
731
715
729
728
737
729
726
733
711
706
689
689
675
693
689
729
774
793
821
839
848
818
777
752
739
732
734
740
741
776
813
893
886
873
830
817
812
758
741
721
716
715
731
721
716
749
730
733
719
717
714
698
688
693
718
765
817
819
823
771
772
755
754
755
747
712
715
712
727
749
770
788
787
745
756
741
737
731
721
721
715
735
758
819
858
844
826
806
772
756
744
729
720
728
736
732
765
760
762
778
772
771
765
763
757
753
769
764
756
774
779
800
788
812
840
778
771
748
754
755
792
836
854
851
856
855
792
785
772
767
756
785
826
795
821
857
843
830
802
783
771
759
762
785
773
780
791
802
791
777
771
754
729
738
787
845
828
846
842
834
794
743
733
717
717
707
704
685
671
686
680
678
677
699
714
742
717
711
685
669
656
647
639
632
622
623
620
617
623
631
657
711
692
747
761
755
736
729
724
712
727
729
742
737
752
751
737
744
756
774
803
756
775
796
796
774
780
769
771
741
758
813
897
920
919
877
846
790
771
754
743
737
731
710
729
751
784
811
831
815
797
782
750
732
722
726
736
767
788
773
799
797
782
746
732
710
701
692
681
707
732
768
780
896
942
935
849
818
796
775
748
733
728
729
747
771
797
781
798
822
841
827
807
783
760
740
744
751
779
798
793
789
782
746
754
766
773
781
724
712
686
684
690
703
693
721
753
769
763
763
745
701
712
699
688
708
784
797
829
822
806
794
770
744
744
741
767
756
779
787
800
771
796
784
787
769
785
793
799
795
793
788
764
750
749
734
700
659
692
675
714
788
800
812
817
821
788
757
720
684
676
670
702
787
857
874
871
841
826
789
771
751
736
730
737
743
758
745
744
723
730
735
757
748
770
767
763
758
746
730
723
711
716
705
698
711
727
756
801
846
835
811
816
790
733
720
705
720
739
802
908
898
852
820
797
771
755
732
724
711
685
707
797
1090
987
957
930
873
800
773
759
723
739
743
777
821
820
821
851
821
777
759
772
831
915
959
928
903
889
863
818
792
765
745
732
744
742
788
819
836
841
821
793
762
765
771
776
778
787
806
789
763
723
712
693
723
706
762
781
815
831
798
790
745
741
734
719
688
674
671
683
720
744
793
802
801
815
792
772
745
735
728
742
753
806
831
815
810
787
780
742
735
744
736
742
775
802
818
797
801
777
748
732
708
697
719
852
914
927
903
879
872
829
806
774
743
717
720
729
734
800
901
923
881
880
842
826
796
768
768
772
779
824
834
806
809
791
749
777
866
966
940
877
817
767
737
719
723
742
767
780
801
816
823
824
806
783
741
747
734
738
762
783
832
857
818
771
744
713
723
719
727
738
744
745
745
718
698
720
760
828
854
837
785
748
727
706
701
703
704
725
722
719
727
741
755
779
749
749
738
719
713
703
698
695
699
686
677
699
705
702
689
696
691
682
660
646
631
623
626
662
768
838
868
894
851
841
811
792
776
771
751
754
735
702
716
748
794
813
841
838
830
809
814
778
743
740
742
746
729
746
762
778
769
765
768
747
733
745
757
746
777
805
801
820
816
795
774
774
771
773
774
779
772
809
833
795
795
820
740
716
693
674
657
647
639
643
652
687
709
766
787
789
771
742
693
699
692
712
701
699
721
715
714
692
725
746
741
721
740
747
747
727
720
711
690
659
694
697
784
849
863
878
871
837
786
757
733
722
721
741
776
829
825
820
820
842
828
797
773
755
750
745
773
813
825
844
815
790
782
757
729
711
731
759
766
785
805
759
720
699
683
658
657
648
649
650
648
646
646
634
629
623
618
623
633
655
685
699
775
792
824
805
758
733
714
701
695
689
671
697
723
729
715
717
736
710
719
693
677
650
637
656
821
1009
989
874
821
813
808
818
805
787
791
771
777
778
761
771
779
781
790
794
795
781
754
738
756
755
768
784
797
814
783
768
751
732
740
783
817
849
894
854
834
801
771
755
753
767
764
771
772
745
735
719
712
707
738
745
757
793
762
729
736
727
719
698
699
712
730
761
777
802
774
782
786
795
807
813
780
782
772
752
768
792
806
825
829
831
810
828
799
757
734
733
732
795
895
860
884
856
825
771
750
721
717
714
724
727
712
722
715
714
757
780
789
774
789
784
763
756
742
735
708
708
706
730
770
772
765
753
741
722
713
743
818
838
793
761
718
692
667
644
634
623
659
715
729
723
729
704
669
657
635
624
625
623
648
776
900
824
900
992
976
912
892
865
820
791
807
820
813
836
843
822
817
822
838
812
821
839
848
812
792
787
749
753
748
749
764
796
795
787
815
789
782
765
753
743
776
841
851
856
854
799
767
743
732
784
838
896
908
927
883
846
826
792
769
788
837
876
865
888
904
890
863
861
832
804
830
821
846
819
798
755
725
735
755
765
750
787
777
772
772
771
750
752
759
762
752
760
765
770
789
782
749
735
740
767
798
828
859
888
896
862
813
774
734
727
719
741
815
863
885
863
863
853
802
778
748
719
740
750
755
800
849
854
860
882
862
828
794
765
732
735
739
745
773
815
812
786
784
787
789
800
817
826
764
741
732
712
694
690
697
717
751
748
739
739
725
704
690
698
701
714
729
767
798
790
835
821
773
775
773
771
750
732
730
752
774
756
785
787
726
729
722
733
750
767
738
756
758
761
738
728
749
750
777
791
802
803
749
726
707
700
692
704
711
741
758
782
779
777
767
769
764
740
744
737
738
736
745
750
748
735
737
741
728
731
730
717
717
709
714
731
775
871
841
789
785
774
733
734
723
713
720
736
772
763
832
865
870
828
821
788
740
725
704
698
686
678
667
661
697
744
808
797
783
769
754
720
714
694
678
672
664
675
710
726
753
780
826
816
773
777
765
735
721
723
736
746
718
740
743
762
781
770
791
783
722
674
646
641
635
654
660
656
631
617
606
598
584
575
573
573
576
583
589
600
604
597
589
585
582
574
572
591
616
664
717
674
820
850
823
805
792
791
761
711
729
764
881
852
821
792
759
769
797
809
808
798
805
790
768
766
766
779
742
755
770
768
763
783
794
800
737
722
711
706
699
706
689
665
647
642
635
645
651
650
666
701
744
749
759
757
760
736
718
695
689
685
677
679
699
734
769
810
814
799
819
816
809
751
755
742
766
843
889
941
946
961
929
856
794
781
790
806
786
841
851
861
805
800
784
791
744
744
732
748
771
723
713
710
735
757
774
784
801
788
760
720
720
726
737
740
763
778
765
758
759
773
754
746
755
743
733
702
713
792
828
854
830
823
830
811
761
751
733
728
719
702
682
672
668
699
737
705
805
854
856
864
818
800
767
729
695
696
709
706
781
784
771
805
805
810
833
825
806
800
760
761
766
781
794
805
791
744
744
746
753
779
761
770
779
759
744
716
716
711
722
714
728
748
752
759
743
748
750
761
762
748
761
762
786
772
770
759
762
771
817
829
821
838
832
801
758
744
748
768
738
809
913
981
963
895
881
825
784
770
757
736
736
753
796
818
820
815
793
780
787
761
760
743
735
731
714
718
728
771
797
799
803
797
780
768
731
721
715
730
767
786
822
818
796
794
771
726
726
727
741
753
769
760
780
757
721
720
711
723
754
762
786
785
789
786
769
771
767
740
735
729
692
700
701
735
814
850
829
828
808
787
750
729
707
693
687
717
784
808
854
815
806
767
738
738
729
714
701
704
719
756
752
743
752
747
730
711
693
683
690
732
780
814
822
845
824
788
780
746
706
675
653
677
695
769
778
786
765
770
728
726
708
689
681
665
650
652
651
643
647
649
664
706
748
769
786
782
766
740
730
706
705
713
742
781
782
789
797
754
746
729
716
681
678
693
762
826
827
856
867
874
842
804
768
740
729
711
723
736
745
752
769
780
787
771
776
763
751
731
730
723
727
710
727
730
747
762
755
772
769
751
734
724
724
725
735
752
766
759
774
779
761
760
756
740
740
743
759
755
780
798
782
787
734
707
701
679
672
653
660
657
653
648
654
645
643
650
649
662
647
660
654
653
653
683
729
797
834
833
783
753
729
708
688
676
669
681
711
779
803
838
871
829
818
799
785
767
767
775
762
755
750
743
746
752
743
747
745
729
730
729
737
767
800
798
775
777
767
730
713
699
706
721
751
795
835
823
828
811
810
779
770
760
704
692
680
693
751
833
832
820
821
813
793
756
754
757
754
733
743
771
808
840
850
845
796
739
703
676
656
633
619
604
604
614
641
707
755
858
832
824
828
792
763
727
683
677
683
735
811
733
742
729
726
721
712
692
666
663
661
657
647
642
633
626
628
620
627
636
646
672
707
714
776
773
784
793
767
729
730
739
758
781
765
764
755
766
773
807
807
757
757
760
774
744
737
705
662
647
640
674
766
751
851
902
866
869
902
892
879
870
877
841
800
774
733
726
709
686
705
738
803
831
879
880
864
820
813
813
805
791
809
824
830
822
843
864
851
814
813
811
799
813
827
851
810
832
820
760
747
727
743
770
855
907
876
869
841
815
805
771
750
714
694
662
686
742
896
821
888
868
826
847
816
770
758
757
739
728
719
710
730
739
775
781
791
802
794
766
779
774
768
748
722
690
666
662
685
745
785
831
818
833
830
813
790
778
767
757
755
736
723
720
742
835
934
888
892
829
796
739
710
678
660
666
674
670
680
720
738
730
722
726
723
737
755
734
729
712
715
723
716
750
768
783
750
767
754
771
769
813
848
823
785
773
776
801
816
840
865
867
816
792
771
760
768
793
739
732
730
735
735
756
770
784
768
782
763
746
745
742
744
736
747
788
805
781
733
680
714
681
693
723
754
756
754
750
765
769
743
760
801
821
833
849
854
826
818
807
804
821
873
921
936
897
860
826
818
821
818
823
829
821
812
772
765
740
725
718
718
716
725
722
753
769
755
745
765
765
749
751
729
741
764
801
844
888
904
883
855
806
752
726
704
676
679
719
715
728
755
769
736
755
774
747
718
697
687
659
656
660
683
722
743
815
815
819
819
805
775
749
727
708
730
871
1056
906
919
886
849
846
879
902
897
828
804
793
756
778
755
731
715
724
704
694
697
684
678
682
682
677
661
658
664
679
708
710
721
761
746
733
734
728
697
695
775
874
902
950
946
905
868
851
813
753
758
795
878
958
973
938
872
847
844
851
881
853
835
825
861
876
918
896
860
837
817
793
812
829
782
799
810
825
828
807
810
820
848
826
854
862
850
828
845
855
868
842
837
790
811
841
891
921
921
943
937
907
936
930
918
895
859
879
926
936
914
903
864
845
848
816
826
844
860
844
872
860
841
863
891
890
861
827
781
770
779
838
875
909
833
785
759
754
734
700
714
735
815
849
876
897
931
879
823
811
799
778
771
773
763
754
757
764
763
771
774
771
751
720
711
706
720
723
717
740
745
749
778
806
826
787
771
755
741
740
768
808
845
851
810
809
780
742
725
722
721
735
795
847
886
909
866
853
849
802
785
772
763
751
766
756
741
780
830
854
841
772
743
743
772
824
833
816
777
752
739
726
713
717
722
743
759
794
807
807
774
777
783
774
778
751
730
722
726
757
822
893
873
851
860
854
822
791
768
763
757
751
732
751
790
805
761
820
854
875
825
801
784
775
757
746
743
747
745
752
783
821
848
853
830
821
811
795
777
752
755
733
700
704
711
753
806
798
792
831
862
864
847
830
810
804
817
819
846
850
837
757
745
726
714
712
688
680
707
712
731
739
733
735
727
741
740
725
691
693
675
675
668
724
984
913
882
830
845
860
868
878
805
759
727
691
673
646
639
628
631
630
653
702
713
698
705
692
688
695
687
692
676
666
644
619
607
602
617
655
712
721
751
768
778
785
777
758
761
751
753
760
764
769
725
699
745
740
772
794
805
807
805
789
782
762
754
765
792
854
881
874
848
836
824
813
815
816
822
825
818
817
790
773
755
729
729
735
767
794
814
786
764
754
759
785
794
771
751
769
776
803
803
793
745
733
694
674
672
679
687
692
666
677
676
710
744
750
727
688
707
717
732
779
770
770
738
703
672
658
648
687
782
906
948
938
899
873
874
858
827
822
820
798
751
741
741
759
741
731
785
798
783
808
797
806
780
756
751
751
745
732
726
744
777
791
811
820
811
813
811
778
777
776
785
786
754
777
783
799
803
775
764
753
763
776
795
806
776
749
740
731
709
707
713
730
741
748
754
762
752
772
782
785
758
745
721
716
700
706
771
829
846
848
845
834
827
834
800
781
747
740
726
691
681
751
837
905
897
876
843
809
782
768
741
698
707
708
858
817
775
734
732
727
704
690
686
672
673
700
736
742
763
761
746
764
780
784
760
713
723
697
720
754
759
770
740
726
723
736
735
731
724
720
735
776
801
833
826
768
774
795
817
836
799
778
760
772
796
809
863
830
747
701
716
707
738
800
822
828
786
745
727
696
669
641
632
626
644
674
707
745
795
801
793
809
797
789
768
767
759
765
783
786
797
770
783
802
822
817
798
776
749
739
723
724
736
761
796
804
787
767
755
727
721
729
734
750
772
796
796
808
812
806
787
782
758
715
722
730
770
805
783
784
779
749
740
730
702
695
689
691
696
703
719
728
724
738
739
732
742
731
732
711
705
693
685
685
686
691
677
716
746
776
777
796
802
762
712
702
678
667
675
649
672
682
752
775
744
702
714
699
691
681
679
685
678
676
653
656
672
701
710
672
732
754
748
741
716
689
681
664
647
629
624
610
612
621
637
665
695
709
733
768
792
786
777
767
751
734
724
708
710
721
712
743
802
846
836
833
783
720
692
683
703
741
785
851
852
866
865
823
800
785
758
727
706
702
717
692
729
825
893
883
871
868
839
811
772
770
753
736
728
711
752
804
794
784
806
815
783
770
755
726
724
730
731
725
718
715
708
724
742
794
818
798
770
748
733
708
699
698
702
712
747
741
737
738
722
723
716
735
713
708
670
652
651
660
657
671
682
722
752
712
665
670
664
671
699
693
675
658
644
634
630
624
616
615
613
616
611
616
611
607
599
589
576
574
575
582
602
615
631
641
651
634
641
648
636
618
606
597
588
574
571
586
659
754
805
789
783
722
694
659
620
616
614
638
670
660
645
647
729
752
818
761
735
699
668
653
643
647
659
676
724
757
772
787
734
682
664
653
666
688
743
827
867
847
844
802
752
738
730
731
751
752
744
773
862
893
893
899
881
847
804
789
779
756
768
765
771
751
746
741
713
675
657
638
644
658
676
714
724
681
650
654
641
642
645
636
633
624
632
638
658
668
682
688
681
689
694
684
687
703
736
788
781
767
800
800
751
731
716
687
658
639
629
630
628
637
656
710
782
797
793
758
735
691
679
656
644
648
712
835
792
782
800
766
713
685
660
634
618
641
720
722
776
791
777
721
686
650
641
628
607
578
565
563
563
562
549
547
545
539
536
534
534
533
532
525
522
520
522
525
552
594
680
728
663
714
656
613
581
563
547
535
529
521
517
515
516
517
525
527
550
564
592
580
594
596
597
617
608
590
582
572
560
550
539
531
524
522
521
527
530
531
532
531
531
529
531
527
525
521
522
523
523
524
526
530
532
530
522
524
533
529
524
529
524
524
539
548
560
556
570
583
612
604
586
579
576
562
554
553
565
601
646
621
659
636
629
645
619
607
605
596
580
563
558
557
547
561
572
620
766
744
760
725
680
659
643
616
584
428
808
661
646
604
594
570
563
561
551
546
540
536
532
530
529
535
554
588
652
688
659
742
692
674
658
671
651
656
682
669
676
668
716
701
674
738
744
802
785
778
764
762
752
737
684
692
679
707
707
702
763
735
711
743
719
702
680
646
621
591
562
557
563
605
674
645
732
743
777
748
710
699
672
646
615
671
626
607
596
585
573
564
552
543
536
532
534
533
538
561
585
597
606
646
694
679
693
675
686
683
670
651
622
612
592
587
601
636
679
635
638
623
631
622
629
622
607
594
592
586
583
572
561
550
548
551
556
570
573
576
577
569
569
563
564
563
563
561
559
556
552
541
543
535
532
529
532
534
541
540
547
548
553
553
554
564
582
592
590
580
570
565
560
558
557
558
578
592
639
754
709
679
752
723
664
636
623
623
617
615
604
589
583
586
592
594
592
593
593
603
610
619
621
608
606
627
656
668
651
637
618
602
593
593
608
646
803
721
725
759
790
799
744
691
685
715
853
1009
955
919
927
843
762
744
743
744
741
768
793
849
840
817
817
821
769
733
712
674
660
671
702
726
704
774
803
779
777
771
745
751
743
757
746
735
699
707
713
777
908
887
835
801
788
784
779
818
875
841
851
818
775
764
765
750
729
770
781
811
810
861
861
791
778
765
716
688
673
663
677
675
701
761
720
703
666
646
641
637
635
637
636
634
617
639
665
711
689
670
640
671
646
627