702
707
693
759
864
848
772
687
657
627
646
685
688
725
776
721
684
642
609
604
602
613
641
719
789
741
675
662
665
637
626
617
640
682
683
648
786
762
708
687
687
656
689
707
622
624
621
640
653
686
673
678
680
661
658
680
734
724
751
702
720
688
782
729
864
829
712
719
777
815
797
759
738
706
770
828
777
753
759
744
840
672
657
647
628
677
797
786
771
710
698
729
940
932
827
794
712
751
862
863
726
709
717
732
804
846
800
734
697
691
778
1004
938
907
813
749
739
752
913
952
980
954
847
725
739
873
960
926
830
866
924
833
795
875
907
948
813
803
851
1007
936
838
701
692
756
813
979
879
795
807
809
797
773
768
738
739
808
918
916
849
748
748
824
924
965
916
796
783
813
845
900
792
738
688
688
683
729
776
793
791
729
719
693
697
723
776
904
787
720
685
646
627
627
763
923
888
922
954
988
1005
978
945
861
783
815
876
939
839
813
875
1028
1053
949
794
753
783
885
819
797
921
845
768
702
667
651
733
961
875
909
913
922
853
821
797
850
880
805
798
842
776
775
752
767
707
744
737
699
806
999
972
993
972
982
902
769
706
684
694
740
991
990
1015
1016
1019
990
857
800
908
893
882
910
792
700
669
692
752
783
827
791
743
852
800
776
728
799
711
685
716
749
857
914
881
868
763
755
767
849
957
975
938
863
783
723
809
1057
1013
950
951
978
990
964
911
880
804
724
762
784
897
873
844
828
793
867
875
832
807
693
678
657
644
663
854
859
860
798
765
726
714
759
780
835
921
829
865
880
857
895
839
771
710
684
741
853
954
905
923
858
768
732
758
777
707
739
738
734
812
851
944
998
962
937
908
848
776
734
703
762
925
959
923
934
900
846
778
806
869
934
882
804
815
872
951
995
943
793
698
664
671
875
874
932
914
859
774
724
734
747
754
730
688
657
680
701
741
766
737
732
734
742
847
820
757
704
748
748
696
687
658
653
688
873
926
927
942
960
987
981
954
895
916
939
952
889
864
786
809
823
790
856
929
923
864
772
700
661
661
852
774
845
799
679
680
658
680
733
653
619
615
620
617
621
622
615
599
588
578
568
570
636
614
595
638
649
613
626
651
663
641
623
603
595
617
805
892
872
899
918
949
940
903
798
699
695
1038
964
1001
871
756
787
829
765
1047
972
937
828
715
703
811
861
912
972
855
777
736
727
704
682
704
1023
969
961
946
941
925
910
899
845
742
695
685
717
864
878
940
941
907
800
779
819
858
878
915
858
783
701
678
762
1004
926
910
906
876
918
918
923
929
935
938
862
867
833
907
916
878
851
830
751
780
842
849
774
772
859
960
806
717
671
676
720
784
854
751
731
719
686
723
704
656
641
625
627
649
675
710
679
664
619
598
583
570
587
716
830
803
799
792
829
808
841
796
703
711
711
731
702
727
679
680
692
922
858
880
895
935
879
789
797
960
913
943
923
869
880
898
919
899
851
843
870
873
910
899
878
802
719
704
785
803
905
914
905
809
699
661
655
829
941
933
930
918
926
893
891
879
855
777
764
830
920
941
914
920
915
916
909
862
822
790
846
868
748
718
750
847
886
897
877
822
785
818
865
910
865
835
851
853
846
822
785
776
809
814
824
767
763
756
722
660
662
676
639
690
661
678
694
755
730
760
681
666
658
683
703
712
736
734
743
720
694
720
690
723
784
806
853
854
782
765
891
866
937
862
903
878
785
824
881
899
812
782
752
809
893
879
805
714
736
710
697
642
629
645
679
707
662
632
615
624
651
696
733
743
787
812
783
754
780
777
702
688
724
841
815
728
770
700
714
728
738
689
648
641
687
828
861
864
828
735
722
697
733
930
981
962
965
931
913
905
836
854
938
936
938
928
931
874
877
912
946
952
890
835
816
877
871
791
717
672
698
979
967
997
981
966
881
803
765
862
803
756
847
858
802
732
767
842
920
948
903
839
858
974
956
925
860
782
809
896
976
935
919
880
904
956
991
981
968
909
901
895
837
903
893
839
927
923
985
856
787
748
836
984
975
936
823
868
948
948
931
814
843
866
899
849
737
672
663
829
945
927
931
927
941
982
988
979
946
852
759
777
865
925
836
778
817
1021
982
939
927
917
898
829
814
859
895
882
808
865
888
915
796
818
832
856
854
784
777
850
922
903
765
754
776
830
910
897
833
761
788
855
825
803
828
828
917
922
870
850
912
942
910
791
756
772
819
875
858
798
788
941
956
927
879
733
674
662
754
985
896
936
951
955
947
942
896
781
725
806
936
926
902
832
914
936
914
827
767
772
854
892
841
801
836
840
842
788
853
857
888
764
762
780
765
732
833
864
794
749
759
809
885
929
926
932
926
893
871
877
967
959
972
876
828
812
979
995
981
914
833
766
845
1002
961
943
951
976
978
921
905
961
954
968
900
938
956
955
906
894
897
846
748
773
804
874
895
862
833
825
865
835
781
762
835
904
919
815
795
830
865
866
829
763
795
801
833
742
727
785
913
928
889
780
770
840
825
797
838
899
884
807
828
852
872
867
844
810
861
855
837
859
876
821
840
843
809
787
766
867
934
926
842
769
797
873
895
782
767
812
873
869
847
814
841
969
920
856
787
840
887
879
875
917
863
806
784
848
934
924
811
811
840
859
908
822
757
788
756
689
718
761
882
862
813
763
806
854
896
812
781
852
962
915
814
826
883
939
935
834
779
701
687
767
947
954
991
1001
987
951
964
962
942
874
750
750
806
859
949
891
892
894
944
952
894
935
951
925
811
772
875
984
991
888
906
1021
1034
958
906
924
872
827
797
863
921
864
750
708
745
739
707
837
819
939
896
863
726
727
718
976
920
884
901
902
853
744
671
692
849
872
939
937
895
881
852
782
785
801
860
885
933
810
858
898
997
950
896
794
752
746
898
1024
974
1000
1025
940
953
949
919
885
932
932
885
901
942
949
972
967
935
953
948
921
940
920
899
809
805
760
756
873
898
906
893
770
751
807
991
938
905
871
887
887
910
901
781
761
835
946
983
883
799
838
913
972
855
793
793
878
952
902
775
744
760
797
893
902
915
775
776
799
780
766
729
766
730
684
664
674
800
821
964
919
890
833
744
674
654
714
970
936
949
939
939
929
919
879
789
698
704
711
722
701
694
686
670
652
639
645
648
648
635
644
652
661
650
646
676
659
715
708
717
680
652
648
686
757
764
757
726
828
791
748
733
831
895
937
876
907
962
921
870
829
830
857
854
804
866
901
945
870
779
830
907
956
810
790
908
985
973
914
863
809
783
751
907
875
808
828
834
882
917
865
756
726
791
922
952
877
848
875
984
976
943
844
766
808
880
921
887
831
943
980
903
823
879
892
898
824
755
775
851
843
851
749
721
740
806
872
831
738
734
739
758
782
715
699
763
768
757
695
709
771
729
723
703
714
784
788
713
695
697
793
742
706
853
854
726
678
645
644
800
918
899
938
945
862
879
854
941
916
924
863
909
981
964
964
932
940
942
937
893
840
765
800
888
914
824
824
918
991
945
836
844
857
857
822
865
959
985
914
852
855
962
858
773
774
809
885
846
772
865
1037
993
870
828
872
1016
994
850
889
1021
1024
997
1020
970
895
917
952
922
851
847
911
889
880
809
736
775
890
1051
974
839
804
1003
953
971
928
949
971
985
906
912
864
861
833
803
906
837
925
990
1021
803
724
779
816
1010
962
813
793
980
975
975
939
889
939
959
945
892
937
937
955
915
954
949
904
896
944
938
905
966
981
955
908
926
951
957
906
844
869
940
890
725
682
758
955
956
972
956
860
870
853
856
880
813
767
762
838
753
738
717
827
939
955
877
876
952
966
877
936
993
967
963
1020
1012
988
928
974
979
956
927
968
989
935
950
978
1002
934
960
1009
1004
965
1003
993
963
920
981
1016
945
892
953
1002
976
946
995
1022
985
891
928
976
1019
1009
912
814
890
1008
959
890
952
983
1026
978
989
997
977
943
963
980
962
992
987
874
737
725
788
910
963
932
908
784
736
722
740
750
746
874
859
834
856
760
767
854
844
829
729
813
972
937
912
855
859
914
871
808
740
763
836
929
936
929
888
859
882
888
895
803
792
854
850
813
754
766
805
904
913
767
698
675
679
771
934
938
946
938
882
863
835
843
901
889
816
850
989
979
938
860
892
907
830
876
949
944
863
899
938
843
793
853
920
834
765
872
827
737
702
809
881
855
823
785
957
969
957
920
912
811
721
783
895
931
973
837
784
756
831
897
884
964
771
734
788
940
960
949
875
781
850
896
887
834
863
861
933
835
731
691
707
933
927
932
940
957
939
830
751
733
694
755
873
857
837
811
889
895
920
860
854
978
953
921
896
938
961
940
878
907
929
837
785
890
979
952
937
934
980
966
920
861
849
908
961
966
903
786
773
850
904
979
903
900
946
931
852
864
942
956
919
876
852
932
932
780
758
785
871
896
931
901
890
957
896
813
786
800
973
973
902
795
821
982
963
859
849
914
900
791
769
745
754
744
915
910
896
863
858
882
917
786
818
886
970
948
896
929
971
954
880
922
927
940
889
792
774
836
900
951
833
800
947
996
889
819
769
839
908
945
895
852
813
800
765
784
866
772
740
738
700
673
702
960
942
973
973
1007
972
944
906
766
727
753
906
960
952
963
908
929
923
899
862
810
801
951
936
910
909
971
1015
964
986
980
973
951
887
895
894
935
866
834
1001
982
1013
968
995
915
866
948
917
877
892
935
949
955
876
781
728
858
991
931
902
837
837
930
974
963
795
732
806
963
914
866
938
928
860
870
919
989
1029
1042
881
737
694
754
927
974
976
955
879
905
947
986
994
969
925
936
936
923
893
940
956
967
934
960
975
922
888
771
717
758
921
942
870
781
785
772
770
747
743
744
813
834
887
887
856
899
945
910
931
935
866
819
892
954
918
795
856
996
969
936
933
942
965
916
873
881
987
966
928
924
918
838
878
889
779
761
824
898
921
860
839
854
924
911
829
796
895
977
932
882
865
887
823
750
698
742
842
932
934
916
826
790
814
884
911
877
804
809
926
1005
979
926
879
806
834
959
938
842
796
813
890
956
855
882
926
945
830
769
796
915
966
954
975
1023
979
866
723
688
750
921
1020
992
924
883
764
771
712
683
676
704
776
773
733
741
803
777
777
744
761
775
759
762
737
711
695
808
815
940
794
851
924
758
751
729
755
736
789
936
937
983
827
858
943
855
819
980
949
878
904
938
952
876
829
948
1009
945
860
922
1003
893
823
963
960
845
820
915
969
1006
937
963
979
965
857
758
783
933
1010
1005
935
939
986
989
911
817
803
970
1021
975
876
956
1015
973
923
960
913
809
835
897
1018
1005
979
964
982
981
923
921
955
968
914
962
980
921
913
941
938
826
752
753
844
795
764
880
908
840
911
971
969
957
989
938
922
976
1000
993
1017
1043
991
958
970
998
1001
943
843
724
1042
991
991
979
855
832
856
870
865
899
813
786
885
795
854
909
937
886
836
927
982
941
824
846
991
969
867
894
898
931
810
787
852
967
974
823
793
864
970
986
829
790
828
885
854
807
766
854
967
989
965
925
954
976
892
789
787
1008
1003
982
926
979
1009
1000
902
813
973
789
770
859
1002
1011
979
986
1031
1053
974
970
985
989
947
862
876
1017
979
929
963
916
810
808
827
841
787
890
914
863
801
740
721
813
953
945
932
930
995
1008
983
921
943
937
916
880
942
1023
1006
1022
1041
1063
985
1002
998
984
926
949
978
981
916
914
898
979
1000
1009
977
947
1001
1017
964
964
979
961
865
724
696
839
1012
995
1029
1044
923
987
1040
1043
982
957
827
836
870
812
818
931
977
963
896
898
918
981
977
931
944
981
997
939
936
951
956
917
899
952
974
989
943
825
718
742
881
1056
1010
992
827
763
813
836
868
849
771
738
738
750
770
727
688
692
702
650
638
643
673
715
795
784
705
696
840
974
923
871
845
830
885
913
818
840
923
956
862
906
914
940
808
768
790
925
972
933
865
766
799
876
1004
977
916
839
855
844
890
838
842
938
794
768
836
935
984
924
839
786
843
888
890
788
874
937
964
887
848
946
988
979
944
963
983
965
910
917
945
971
938
841
814
926
992
990
828
787
861
941
961
881
878
981
1006
958
915
936
955
867
821
958
1014
977
863
810
906
981
956
942
817
820
920
780
691
664
722
862
900
899
937
792
765
813
884
905
900
787
753
768
820
878
942
918
852
800
755
809
1041
1002
980
865
722
761
773
899
961
946
862
836
904
1001
938
948
988
968
939
884
866
961
918
866
964
1030
1031
927
823
786
758
1048
986
959
907
976
958
898
742
727
879
995
1002
994
931
947
989
975
922
907
928
957
940
776
756
837
1035
996
963
956
1001
969
914
882
847
912
912
834
797
824
860
982
1002
935
856
925
980
886
789
769
836
933
1004
1018
963
896
952
995
1003
1011
996
901
862
813
866
1031
965
898
913
907
815
818
781
934
1066
1044
1026
979
974
1001
1019
943
839
763
986
1135
1133
1003
935
993
1013
962
881
871
1032
1017
969
1023
1016
957
935
959
973
910
789
852
964
894
792
854
961
957
869
1012
945
854
859
901
946
939
849
727
688
781
972
979
1008
962
917
959
1010
993
919
955
965
992
971
926
947
949
964
875
884
872
970
973
854
901
1026
1002
974
886
805
858
995
1004
950
806
782
798
798
802
957
981
945
862
941
929
814
829
931
964
941
835
818
965
999
979
845
789
850
938
1018
977
831
919
1055
1027
988
1002
1005
967
936
975
981
898
933
985
1009
864
796
963
1005
967
955
998
824
786
992
807
798
882
915
1027
894
866
994
1015
955
871
852
957
1021
968
1024
1054
1010
1015
1024
1018
890
752
814
964
1046
1029
968
1012
1039
961
983
985
979
871
813
798
830
808
1015
1006
1016
969
988
1009
1011
947
826
704
712
1048
1049
1064
1059
1042
960
1026
1027
1014
972
956
854
778
754
813
990
993
897
993
1009
985
913
887
991
990
973
826
778
813
899
1043
1013
1013
990
982
965
967
794
760
749
835
1024
963
911
819
965
988
946
848
817
917
938
875
750
698
715
732
795
802
795
770
723
740
752
765
771
671
664
643
673
814
815
840
752
779
933
938
932
813
745
769
841
920
843
765
737
780
821
872
952
964
908
867
846
870
870
815
820
977
966
860
831
849
841
823
983
951
896
834
780
798
855
827
740
745
789
938
960
884
882
895
899
843
755
762
821
898
927
959
918
901
865
867
849
766
762
760
831
974
988
976
958
880
742
695
842
972
981
1002
996
948
951
961
940
928
886
913
896
796
789
855
926
938
826
887
955
965
938
840
849
844
790
753
934
948
911
833
893
963
1000
994
844
790
821
902
980
897
836
938
1005
911
804
837
844
871
890
803
788
850
917
869
805
818
882
930
835
769
786
892
937
885
871
914
941
860
862
845
827
829
892
924
852
791
848
921
859
765
750
770
768
761
927
905
905
849
793
803
886
972
960
892
925
957
964
911
945
956
948
940
888
836
814
853
912
868
796
854
848
754
696
781
873
995
988
1001
990
916
852
814
881
989
952
911
812
842
874
891
845
780
778
888
916
905
786
751
762
811
801
703
706
713
709
732
690
673
687
690
728
724
690
729
816
787
764
723
732
836
932
918
925
893
854
804
797
797
799
722
701
725
768
878
922
849
771
817
888
818
754
738
769
817
818
759
803
845
794
833
898
959
853
769
768
867
910
980
990
896
931
896
815
923
854
800
738
735
857
949
987
977
938
929
1006
978
911
811
884
978
1011
939
813
778
839
1018
966
907
879
861
954
978
938
841
859
932
938
933
867
924
971
971
882
764
771
846
951
958
852
871
918
985
926
805
788
859
973
990
980
907
803
771
789
797
744
856
916
947
955
962
896
854
947
964
873
804
862
1002
981
978
853
831
825
1015
974
870
855
933
985
858
779
712
687
749
914
955
985
996
994
963
901
855
896
904
962
929
855
797
893
999
975
950
898
923
950
966
942
868
818
837
903
907
928
816
796
868
915
834
840
911
855
763
770
844
899
897
828
856
933
950
856
801
832
930
934
940
847
873
928
938
822
748
743
800
884
947
907
820
783
852
764
756
793
914
949
884
766
742
830
950
953
949
904
818
832
935
1003
972
852
761
787
910
983
855
797
965
988
942
882
873
921
916
823
779
805
834
928
918
790
766
773
812
855
848
769
733
781
848
916
884
775
779
804
830
779
736
677
690
868
918
938
948
898
843
835
850
868
873
813
786
832
870
904
862
813
824
868
911
896
807
901
934
865
799
801
875
770
806
843
893
821
760
791
869
862
873
854
785
734
735
782
776
722
699
751
788
806
752
729
757
812
865
800
749
732
756
855
911
917
897
794
734
735
763
774
733
792
889
756
750
841
937
894
859
791
688
668
693
776
931
923
947
959
857
865
851
932
925
897
811
792
839
896
913
851
862
902
961
952
889
855
870
866
836
832
782
722
714
737
706
782
938
879
815
721
719
728
780
869
932
895
840
721
733
844
958
921
922
878
753
708
774
848
896
934
923
919
816
711
669
658
688
750
838
771
740
718
677
642
628
634
826
837
856
786
788
727
755
828
866
745
769
895
968
929
898
899
917
935
933
866
830
798
866
954
941
861
877
938
970
947
882
889
899
981
990
923
889
859
776
748
980
945
954
872
825
816
859
962
975
902
804
774
963
968
979
896
917
947
962
908
878
907
917
923
938
931
884
851
896
920
923
838
772
723
731
798
979
967
961
896
801
751
683
1291
681
798
851
927
940
992
976
928
888
906
922
935
964
933
870
769
733
767
889
892
863
873
828
877
819
784
863
870
806
992
998
1007
1029
1007
975
917
896
968
1004
989
925
924
857
824
1035
977
394
1513
813
711
780
965
948
951
961
932
920
896
908
934
977
971
910
878
921
906
792
775
767
812
897
823
712
730
713
729
723
663
625
604
609
638
681
680
694
873
876
919
929
905
881
845
776
668
649
656
686
933
921
884
883
813
730
701
724
848
925
916
894
857
902
942
985
966
968
1026
1002
863
832
1027
1028
1008
931
890
981
1009
1040
982
867
892
855
950
965
965
986
948
897
935
949
960
877
883
908
945
971
965
912
860
849
834
981
951
914
886
939
914
823
819
799
940
950
909
866
887
911
928
938
951
939
959
979
914
927
966
977
938
896
958
1005
1027
931
893
926
844
820
700
848
979
971
944
896
955
999
1014
937
910
896
904
826
874
929
978
979
902
881
931
962
967
913
912
967
1017
1047
938
848
750
806
917
993
964
951
879
800
841
775
727
785
972
965
997
973
880
901
958
962
959
852
794
800
963
960
974
958
878
900
938
955
977
884
853
798
766
705
758
762
975
977
1000
995
879
897
917
928
892
836
898
950
973
980
993
991
972
967
998
1014
955
864
775
811
838
838
1037
956
897
938
991
1027
966
923
959
990
1009
939
882
848
955
1032
1037
965
938
968
959
907
868
747
705
803
986
940
991
1045
1037
990
932
930
930
951
896
853
824
792
783
984
959
972
941
915
925
961
979
974
909
917
946
952
965
922
912
955
965
929
854
906
928
951
938
884
890
919
940
950
884
912
940
928
863
878
922
938
875
872
918
941
924
844
891
905
846
795
750
745
703
675
719
754
709
710
764
832
978
929
834
770
756
766
813
789
755
686
715
710
729
816
786
748
866
854
762
742
770
822
899
902
778
742
797
824
701
733
777
945
937
924
926
957
891
837
836
919
930
906
873
885
938
987
999
943
916
938
930
876
887
933
965
932
905
944
979
965
917
880
795
710
810
851
835
844
775
712
675
659
645
637
673
668
674
639
649
631
643
771
868
893
771
776
877
956
946
933
904
761
700
713
841
914
945
829
814
887
942
875
794
852
763
678
638
659
653
714
748
783
727
698
652
637
628
633
667
708
724
723
699
654
619
608
707
884
830
859
863
859
848
784
727
742
828
872
846
824
821
824
844
792
727
716
735
806
820
772
772
800
815
807
763
782
772
785
766
721
684
671
820
891
887
884
893
883
882
809
714
708
695
676
728
790
854
828
772
803
771
736
706
688
686
661
706
702
760
846
878
845
879
930
828
781
751
682
924
924
919
935
925
918
886
768
771
840
855
826
746
775
803
1001
969
960
965
819
791
763
772
777
752
900
922
902
903
810
697
673
728
907
936
934
947
869
894
913
911
899
834
862
854
835
817
819
810
741
747
760
805
849
868
820
771
760
741
733
663
662
697
722
764
783
841
925
926
920
902
896
861
816
897
883
924
856
899
932
887
907
959
949
938
946
938
896
891
871
744
678
701
1005
967