661
648
680
653
657
646
631
614
601
597
613
655
670
672
666
688
665
636
609
589
579
583
601
650
657
664
646
655
677
641
642
639
594
589
578
577
428
737
599
714
728
686
683
704
656
667
638
618
646
655
650
648
654
655
632
630
616
633
675
775
850
833
797
795
734
775
763
783
774
711
722
714
829
833
801
802
755
737
725
792
995
951
915
874
766
755
748
806
942
897
910
851
847
822
802
806
704
672
645
656
882
1003
922
888
793
763
697
666
643
686
750
848
921
903
914
838
760
700
724
746
729
677
645
644
677
704
714
717
741
799
768
747
697
648
630
617
636
731
780
803
736
702
683
649
634
624
627
628
637
633
610
589
344
839
688
737
883
866
786
795
776
720
670
624
605
599
625
642
654
671
633
615
600
589
638
723
701
695
693
685
654
728
676
654
637
625
624
623
617
631
741
881
849
845
813
799
755
736
693
669
643
626
613
618
648
693
815
809
831
800
779
771
743
756
772
765
752
760
786
706
688
670
726
923
908
876
798
733
697
671
709
777
788
777
819
780
757
723
730
785
863
829
821
796
729
706
716
748
854
855
770
801
820
883
823
818
871
931
844
763
729
808
995
1006
980
894
913
919
950
916
960
941
794
771
893
940
1047
980
884
900
892
880
878
783
719
688
715
1058
981
965
891
804
755
738
779
771
770
791
770
690
682
716
809
998
976
914
895
878
846
791
765
800
940
946
939
914
854
826
831
811
808
775
866
894
879
892
868
839
746
682
701
794
910
965
922
872
948
979
920
845
870
878
922
897
859
784
734
780
838
850
854
811
804
857
853
831
779
789
777
731
725
695
788
800
765
716
672
669
742
822
888
905
891
911
897
852
794
797
860
893
922
837
776
800
885
896
883
781
729
802
875
886
857
873
829
819
823
826
896
844
760
696
674
711
1020
954
971
960
964
951
827
745
686
709
760
681
688
697
830
897
934
941
851
743
679
646
716
890
904
951
944
938
926
841
758
738
846
935
933
923
892
872
861
851
880
951
921
849
848
873
910
892
813
819
841
799
774
729
712
785
883
968
945
897
878
813
773
738
693
724
783
894
939
897
909
879
805
816
832
828
806
773
809
837
858
817
761
703
669
663
739
777
804
764
722
689
685
716
699
720
704
738
680
672
656
636
630
643
786
753
744
771
990
972
957
929
866
887
829
887
963
993
948
972
998
1017
1020
1014
975
998
927
860
894
969
1018
988
935
968
997
845
775
756
859
975
1056
1033
1042
965
867
868
908
946
972
973
924
894
882
937
980
956
952
965
974
908
773
758
806
941
947
907
907
894
911
902
902
915
912
758
750
758
837
910
939
961
945
1011
938
783
734
771
823
905
955
886
809
801
894
853
802
759
774
763
696
661
664
733
839
1033
979
1017
985
781
760
741
768
841
922
966
947
1011
967
994
940
963
920
823
826
921
1029
980
965
802
809
846
909
904
905
827
788
818
827
795
747
771
819
762
687
722
842
879
899
867
849
774
712
726
859
1019
923
838
741
737
1058
960
950
981
896
818
830
868
941
940
889
792
712
686
670
721
988
969
907
866
836
753
719
683
716
718
767
802
864
739
736
813
943
1033
1032
912
807
792
808
1081
966
816
757
715
736
854
985
1006
1010
972
981
889
802
836
896
932
915
896
830
835
912
922
867
775
780
868
893
895
823
834
841
834
755
705
734
813
884
851
833
808
747
762
819
803
798
808
749
681
659
647
680
710
780
790
738
718
715
657
662
656
635
611
617
637
646
649
672
680
663
647
626
631
628
699
725
793
735
680
652
636
661
706
796
826
809
835
801
759
710
656
634
634
646
746
845
863
862
810
856
840
811
798
787
810
744
703
665
643
667
749
957
837
774
777
713
729
740
680
637
619
608
625
680
907
879
861
885
771
702
691
677
648
618
614
615
655
811
758
768
771
854
808
791
676
658
643
625
637
732
808
834
822
813
747
786
739
669
659
644
639
675
756
762
755
733
701
679
659
627
613
629
656
730
808
852
787
756
705
671
681
735
670
660
637
619
616
661
698
710
805
778
796
776
743
704
640
609
593
608
699
765
843
878
883
792
774
731
648
631
616
612
615
651
707
803
975
951
936
875
837
801
712
718
701
757
730
673
643
624
663
780
778
844
740
716
683
701
641
609
595
592
606
627
714
758
719
747
714
680
651
659
620
624
636
637
628
616
596
587
593
646
683
726
920
908
906
934
928
906
883
839
881
911
878
867
840
896
918
986
911
788
838
834
805
726
692
731
869
859
854
781
771
771
718
664
641
634
677
791
904
909
863
892
867
799
727
684
650
625
619
686
957
907
938
953
954
969
951
949
838
756
790
873
923
867
852
956
951
905
828
873
900
892
835
878
898
891
937
880
849
826
831
771
721
725
771
854
832
827
755
738
737
799
799
733
688
719
786
902
945
889
820
879
882
898
837
818
904
945
1014
958
972
914
955
919
757
713
785
892
1041
1009
1044
1009
954
939
790
760
801
852
878
876
838
921
927
894
881
802
767
768
811
846
921
929
903
805
828
867
910
906
829
802
769
781
753
700
667
678
752
866
922
933
864
815
793
773
764
775
735
714
685
704
721
679
688
689
765
847
969
896
816
766
708
658
629
635
966
864
864
796
835
842
860
880
885
769
733
702
671
659
688
807
841
942
942
924
878
774
688
654
650
679
820
896
888
852
891
900
819
736
744
777
735
688
699
715
718
744
747
728
702
659
658
676
845
908
986
938
974
939
909
751
674
678
793
854
961
851
743
694
727
778
1058
950
895
739
667
648
651
687
794
846
871
868
813
815
765
695
664
685
776
804
812
785
704
690
736
952
933
938
909
823
756
767
754
794
774
828
919
1021
953
868
867
831
806
778
769
799
846
832
817
782
756
712
712
718
678
639
633
647
697
796
990
959
994
994
971
982
965
935
771
745
779
923
948
938
966
963
925
854
863
885
905
881
864
808
757
761
805
884
908
881
844
778
736
680
674
733
857
939
965
952
961
916
917
861
777
729
731
774
757
838
908
896
906
887
784
757
754
872
910
911
881
836
792
772
802
857
853
907
820
750
696
715
773
871
880
875
843
730
715
701
740
751
728
731
798
814
822
831
760
777
886
938
902
837
743
743
851
977
961
882
817
827
857
904
872
854
809
797
822
821
829
813
773
775
804
835
837
820
768
729
709
722
799
821
839
846
797
749
792
916
970
943
896
848
803
813
874
871
855
730
691
719
733
812
771
726
775
834
792
782
732
698
661
640
637
642
649
983
942
975
1002
999
994
980
869
785
793
887
955
975
944
962
912
896
941
966
942
857
897
890
867
838
877
829
764
767
837
899
908
868
846
762
767
805
823
909
952
916
882
910
844
798
778
762
724
728
779
821
822
874
885
870
841
793
785
778
729
724
770
761
781
798
861
884
882
897
851
788
812
803
760
710
660
643
656
715
730
806
803
781
776
753
729
736
729
733
723
710
697
720
728
729
707
669
702
760
801
797
824
806
824
773
755
774
806
835
829
724
724
738
778
834
819
771
718
717
738
820
784
765
783
815
790
785
756
719
680
661
712
813
875
784
759
711
723
710
654
648
637
638
623
610
663
842
886
898
914
902
882
749
711
785
879
892
921
898
781
730
751
823
865
924
886
851
763
778
852
928
917
891
855
781
718
676
677
881
955
1010
970
978
961
926
845
873
862
853
848
772
715
755
943
985
992
974
956
919
892
894
896
847
764
740
768
766
743
953
896
866
872
867
854
790
818
857
945
899
778
776
801
830
783
813
840
870
862
785
721
665
648
713
809
936
877
874
907
890
933
906
853
801
730
698
699
734
763
763
798
844
806
788
740
708
660
641
646
711
893
950
981
992
995
959
795
815
836
824
836
808
750
722
713
687
673
668
972
886
897
868
782
715
719
723
678
636
616
619
648
764
865
879
853
883
896
831
774
688
643
628
653
747
890
922
843
886
867
900
838
784
782
820
824
795
692
655
645
668
764
864
995
885
907
866
729
668
650
638
642
655
890
896
935
946
953
930
905
835
743
697
724
759
892
921
863
814
844
923
937
809
776
711
756
816
824
774
732
719
713
751
729
729
709
700
722
813
840
868
832
809
713
685
646
633
680
971
917
931
950
990
937
870
771
769
822
829
754
683
648
626
671
857
826
828
775
985
933
954
925
876
831
847
865
772
742
721
716
724
730
711
782
896
965
920
883
783
814
774
725
672
631
615
658
740
804
946
902
930
935
942
941
939
910
845
814
854
886
950
955
906
854
830
780
773
721
749
752
718
688
661
664
682
724
814
851
920
924
913
869
822
752
690
654
645
666
754
749
782
815
995
1029
1055
1023
963
935
927
1006
995
982
943
880
760
714
754
847
942
855
838
791
903
840
830
797
769
796
793
831
859
880
861
870
850
830
813
846
868
903
887
859
774
706
668
664
726
834
900
900
932
888
893
829
755
748
796
843
855
847
770
753
740
791
896
906
911
850
811
864
862
876
814
753
686
1316
953
917
929
948
958
947
924
787
729
683
689
688
710
734
709
681
661
699
722
829
880
924
868
847
853
852
755
742
685
686
680
688
723
741
733
811
718
745
816
900
925
985
864
752
757
1031
1007
1020
973
953
865
837
818
808
755
696
704
813
920
837
838
816
814
788
735
693
692
769
861
895
937
875
835
822
778
758
799
904
908
869
823
793
797
809
777
756
946
960
932
900
923
905
902
919
922
884
796
782
846
1052
1020
1018
960
902
864
882
927
923
892
945
957
870
833
887
897
948
881
835
880
929
913
844
800
826
853
907
856
785
768
845
823
858
799
751
744
803
865
925
890
830
844
880
918
868
814
835
823
829
793
762
883
922
794
802
864
858
901
821
772
794
860
955
949
868
886
945
941
871
808
847
902
938
880
786
776
796
904
965
867
813
896
898
854
770
763
813
889
882
940
914
817
804
867
875
860
869
859
825
882
900
879
821
793
867
926
965
929
846
874
845
788
746
767
741
690
647
633
694
913
891
906
895
902
907
884
883
873
877
887
845
857
874
895
786
807
875
910
894
883
874
916
884
801
758
732
780
860
918
889
807
987
914
796
747
771
890
879
800
729
746
814
980
992
965
953
938
890
808
730
693
764
1051
992
985
1002
864
772
813
857
906
925
915
939
992
932
867
792
752
708
688
778
1012
1013
1006
1009
997
987
836
750
771
795
769
724
792
817
857
820
773
697
666
711
856
957
938
938
947
896
761
730
726
814
979
1020
986
974
946
807
703
672
693
832
856
953
1003
1012
1008
979
896
797
906
875
876
924
932
968
957
959
981
832
829
945
998
1019
936
971
1006
927
906
964
1015
963
859
809
901
1002
995
933
898
956
969
912
850
839
903
914
995
904
819
874
938
935
834
813
874
894
897
802
782
813
852
877
813
777
776
800
837
823
787
737
700
691
691
793
951
965
979
954
862
784
782
919
887
864
854
889
900
895
814
905
1039
1019
1055
1028
1039
1029
989
1016
1021
1003
877
777
776
766
760
843
937
981
994
870
820
868
884
869
859
800
785
856
895
884
783
747
759
813
818
865
836
781
753
753
780
760
729
858
898
822
754
722
754
854
822
853
884
762
790
920
958
843
795
805
875
1031
940
881
857
860
853
827
779
797
835
889
919
828
850
916
926
856
808
852
916
893
778
705
695
718
725
723
736
668
665
676
699
698
675
663
623
621
604
590
578
571
587
691
681
722
704
713
740
711
717
742
781
776
775
774
698
662
655
676
1012
969
997
1021
984
985
971
958
965
953
816
738
733
773
810
1050
1046
1018
982
890
977
922
884
791
817
904
951
1006
997
883
791
793
876
909
949
818
760
714
693
738
941
938
930
808
776
775
777
790
794
743
697
681
687
789
848
789
759
831
849
892
801
732
709
673
657
676
896
780
862
800
843
836
767
742
706
760
823
857
870
830
836
896
882
787
763
809
894
886
867
896
798
746
729
782
801
785
854
874
858
777
743
717
735
828
925
929
832
771
726
728
821
938
945
904
840
749
728
751
772
842
834
750
746
810
881
915
934
928
841
822
798
827
801
790
762
785
879
935
896
843
796
845
912
760
757
791
839
866
804
788
807
847
869
838
797
778
823
838
844
766
699
667
682
808
908
914
906
883
909
862
791
763
800
854
834
807
840
897
996
938
852
865
924
945
878
818
862
933
869
813
813
838
883
895
888
860
874
854
821
773
789
820
881
873
764
742
737
739
745
739
829
816
785
802
827
853
886
794
762
807
948
987
895
760
702
690
909
884
910
945
977
949
973
872
777
769
786
809
854
854
828
910
973
944
951
876
852
845
791
757
782
871
928
925
853
834
886
934
895
812
800
844
871
895
822
845
864
900
833
810
849
855
835
794
809
850
897
880
814
822
877
859
783
752
757
813
774
799
748
755
825
811
722
716
727
741
710
822
823
792
726
721
790
856
891
829
770
738
770
858
846
901
945
927
887
751
707
699
730
790
783
868
904
874
802
809
809
768
710
705
738
858
895
900
926
981
999
926
927
967
1005
953