691
673
670
656
620
631
621
614
619
625
616
606
619
626
631
643
644
670
673
688
689
679
649
639
633
613
596
587
594
593
601
614
597
616
606
638
626
620
629
639
644
616
631
633
640
635
639
664
692
688
668
694
696
696
675
661
668
666
674
656
645
653
656
677
679
674
686
695
712
688
693
691
691
669
688
692
708
704
709
729
743
748
726
703
714
709
723
724
698
691
715
730
741
741
715
723
717
716
702
691
704
703
688
663
672
681
703
708
677
676
692
698
706
689
666
679
669
680
676
660
668
677
692
687
674
673
688
692
688
670
685
683
680
670
639
638
645
649
672
663
677
695
715
712
710
727
729
728
702
698
701
697
673
655
670
679
701
705
680
693
710
733
739
714
700
689
671
652
662
670
683
668
650
677
679
674
656
683
681
660
652
642
649
637
624
633
630
621
616
634
645
645
624
637
649
655
634
631
645
650
650
635
632
642
645
652
624
626
632
642
637
627
638
638
647
633
623
623
629
632
611
611
612
606
606
601
616
633
660
657
659
670
673
654
654
652
658
642
630
641
637
638
631
625
645
650
651
629
645
651
644
626
643
647
646
622
619
619
627
619
615
637
648
658
648
674
675
664
653
656
658
638
629
621
633
642
648
652
635
637
647
656
672
658
671
686
709
699
689
663
638
624
646
693
739
761
783
756
732
692
676
676
685
693
699
709
694
675
680
676
672
651
649
644
655
654
646
653
651
646
639
645
649
637
628
628
621
609
595
604
622
635
636
658
671
639
625
600
599
601
603
591
601
604
613
606
610
628
638
638
624
644
648
669
656
657
665
668
654
646
657
656
656
636
652
659
683
689
675
691
696
690
672
648
646
641
630
625
631
646
646
649
644
649
633
640
640
634
621
623
630
631
616
608
609
616
606
602
616
614
615
604
606
614
628
620
607
623
636
629
610
618
619
627
622
624
632
636
623
629
649
670
685
657
665
650
646
617
629
636
647
653
643
628
633
643
662
672
675
653
637
642
647
672
690
696
675
658
674
696
713
716
707
678
672
663
661
659
662
658
667
681
693
688
674
671
665
661
644
626
635
659
688
681
667
674
680
679
653
650
651
653
652
631
629
633
639
642
630
639
654
645
639
633
639
652
644
636
645
646
630
610
618
611
622
629
658
680
688
655
685
663
657
648
677
697
703
708
679
668
689
689
692
704
688
672
665
642
636
635
633
633
643
661
669
644
621
600
617
627
647
661
676
659
663
649
639
631
627
649
656
674
663
666
677
686
672
654
651
650
654
616
619
608
603
607
597
596
596
603
610
601
599
612
617
595
582
589
593
583
580
581
581
583
582
585
612
640
669
643
649
663
664
639
622
620
621
619
597
602
606
606
606
595
604
610
615
620
604
593
580
580
575
581
594
584
589
604
611
612
613
631
624
618
621
620
615
611
630
628
629
623
631
647
655
632
632
624
614
600
584
590
589
608
761
754
768
747
733
703
681
650
620
626
623
626
634
640
635
625
628
632
637
624
613
617
618
616
603
604
601
608
596
598
595
605
602
607
603
607
592
594
591
590
577
573
580
592
606
598
612
622
656
660
678
692
692
682
638
634
618
610
592
590
597
616
641
649
678
699
710
710
679
689
685
660
642
637
629
625
618
604
605
608
622
630
616
614
617
625
621
612
615
613
604
585
577
582
590
617
627
625
656
681
705
680
672
674
675
655
640
632
638
637
639
616
596
605
595
579
572
594
614
623
640
646
641
632
646
645
633
610
622
623
626
611
614
623
617
612
609
623
636
627
613
614
623
626
621
605
615
618
616
605
604
617
611
619
597
603
610
617
625
607
617
621
630
615
608
620
632
626
621
613
610
604
601
590
600
610
616
604
606
619
632
642
628
634
636
637
629
624
631
634
640
629
621
635
619
615
610
619
627
618
604
607
616
619
612
606
617
610
619
621
613
620
619
611
615
622
635
649
656
638
624
641
645
642
641
627
628
630
634
634
618
617
633
640
619
605
622
629
631
622
614
617
618
621
616
632
638
644
640
625
639
649
643
629
637
642
645
640
634
648
654
661
656
634
641
641
653
654
657
677
694
709
702
689
672
659
662
646
623
617
625
638
626
621
633
652
676
660
661
670
659
655
638
635
638
632
625
618
631
652
654
647
636
645
653
654
640
628
635
644
645
637
628
627
639
646
660
644
614
617
606
605
599
595
619
664
682
683
721
713
676
656
668
662
674
669
655
626
609
615
622
641
645
634
617
619
625
633
635
640
634
633
641
646
647
639
623
622
622
631
643
635
611
620
612
617
605
594
596
609
622
638
632
622
629
630
625
601
583
584
586
587
590
585
577
584
594
608
628
620
604
596
593
600
603
613
629
655
665
658
657
674
684
690
681
667
657
661
661
645
642
651
661
675
671
645
645
642
630
608
593
578
570
560
553
562
570
567
580
604
619
632
618
612
611
614
618
610
622
635
648
666
646
621
618
617
636
818
808
786
743
717
696
682
664
653
651
661
665
663
665
662
658
652
636
626
628
638
620
610
604
609
615
616
609
624
626
644
621
629
639
655
655
629
628
630
642
638
624
613
621
609
604
598
608
621
635
629
641
650
661
646
641
647
638
628
608
608
601
616
629
622
622
625
642
633
617
623
627
631
617
608
609
609
631
626
623
641
646
647
615
600
604
608
609
600
610
622
647
651
635
640
632
630
611
606
603
599
602
604
618
652
676
665
648
667
674
676
643
618
626
625
635
635
612
603
611
621
639
639
672
691
695
674
657
676
670
649
628
628
635
631
621
602
609
608
613
599
604
604
603
594
600
615
630
618
607
607
602
597
591
590
595
587
577
588
598
617
615
637
668
675
661
634
648
628
626
611
624
628
616
614
621
627
625
623
641
641
643
620
621
633
634
630
614
615
611
616
611
609
623
644
673
664
667
669
660
639
637
649
646
632
624
622
624
627
625
622
640
647
646
632
639
650
638
621
625
630
629
613
616
623
632
631
623
635
640
651
633
646
648
660
634
622
620
616
604
604
631
671
700
702
757
759
750
722
722
720
706
683
659
668
666
672
633
630
609
592
588
601
605
605
639
669
679
659
663
670
674
649
661
656
642
619
636
648
664
673
722
753
718
688
713
722
707
664
673
669
661
646
670
680
691
695
693
707
700
680
641
646
647
659
659
649
672
669
672
655
628
635
631
635
635
642
668
705
713
694
701
712
697
674
665
655
659
639
614
624
629
652
658
655
668
699
722
707
662
669
653
659
646
630
643
646
668
657
638
632
631
646
627
626
636
660
654
638
626
634
641
652
638
625
635
640
643
627
621
641
646
650
630
613
621
623
617
611
605
616
634
632
622
623
637
640
639
617
615
618
619
640
632
626
637
643
646
638
616
621
613
591
582
590
585
585
589
597
611
627
629
622
637
645
657
651
639
637
648
654
651
636
618
624
640
652
653
646
620
627
634
631
621
620
629
637
638
620
610
627
626
639
631
627
625
635
648
634
619
607
593
608
623
646
663
635
618
620
605
607
591
579
585
607
604
607
598
601
604
604
616
606
598
596
603
600
602
601
611
614
624
603
597
604
609
612
610
608
643
657
674
650
636
635
638
631
603
592
582
597
597
604
612
615
609
604
617
621
628
631
622
609
626
636
638
619
612
618
611
613
609
604
610
612
603
594
596
610
618
628
624
610
622
621
631
613
607
619
623
637
637
642
637
635
641
648
657
652
630
636
653
653
669
665
650
662
657
655
652
656
668
665
668
641
618
604
604
656
688
695
688
671
654
639
634
623
632
642
651
670
687
692
700
696
676
677
669
672
660
649
624
630
632
639
644
624
648
660
665
670
653
675
677
665
649
634
643
643
647
637
625
628
616
599
592
609
624
618
615
639
652
666
646
618
631
613
621
608
609
630
654
656
649
724
745
729
682
688
669
654
624
624
615
612
602
609
608
631
636
654
658
690
669
684
668
660
639
652
653
659
655
664
675
686
664
673
683
680
668
678
680
684
665
670
675
694
680
669
689
702
733
719
702
718
713
698
688
703
710
706
686
679
704
728
727
702
727
730
733
707
714
721
712
694
677
690
699
708
678
693
686
662
655
663
663
649
651
672
683
667
646
661
656
659
638
636
645
643
633
646
659
686
663
675
678
681
647
652
653
655
645
638
658
671
666
642
633
641
645
636
631
626
644
665
661
648
650
664
671
662
651
672
668
673
654
665
679
693
671
674
710
738
720
688
679
676
687
667
655
666
687
676
665
684
692
661
634
634
629
640
616
622
630
605
593
608
620
610
628
641
657
652
631
633
643
653
644
621
630
638
656
678
678
687
688
667
649
671
670
662
650
652
647
657
642
629
639
651
676
675
653
688
680
679
650
620
626
624
629
634
621
628
646
691
680
640
642
627
613
594
576
576
580
580
596
606
591
594
600
617
620
610
628
630
623
608
608
610
610
604
598
590
601
608
610
604
594
599
595
592
580
593
599
614
621
629
655
670
671
648
655
651
640
619
605
610
610
620
612
641
669
697
699
688
728
729
747
719
676
696
699
691
663
683
699
712
682
673
694
715
708
689
701
722
721
695
707
715
700
672
659
680
696
689
663
677
678
673
661
688
689
685
656
625
604
599
638
648
692
730
746
760
747
725
702
699
683
680
662
647
627
637
644
657
662
664
665
674
656
644
637
628
607
611
604
609
601
590
602
612
635
638
675
685
660
647
639
616
605
589
599
604
622
619
647
663
672
654
659
660
654
637
656
659
667
635
646
646
645
640
650
675
683
655
655
670
675
678
661
664
664
658
657
669
689
677
663
675
689
691
676
679
677
669
655
658
656
681
661
686
706
731
735
699
709
698
699
672
661
675
679
701
682
693
711
729
718
710
718
725
712
679
684
676
667
646
677
678
660
679
690
700
673
688
691
685
656
660
660
659
644
634
644
660
655
659
702
711
720
677
677
676
643
625
632
624
626
629
623
640
658
675
663
652
664
678
661
643
644
645
667
655
660
707
723
705
696
716
738
706
694
701
688
660
636
645
650
660
662
680
712
719
694
692
706
716
706
694
704
714
689
680
698
700
702
670
679
681
670
638
645
643
617
599
605
621
632
619
625
640
637
614
608
617
635
635
618
640
649
672
643
644
654
649
630
628
633
630
618
607
625
651
691
675
678
696
695
673
675
670
650
631
657
666
681
680
707
737
744
707
721
710
706
666
672
688
691
668
657
678
679
686
669
689
692
693
673
643
650
674
714
746
744
740
748
743
726
698
718
722
730
704
694
689
694
702
685
701
734
742
718
734
720
712
679
684
686
681
651
678
701
728
716
685
711
717
711
674
684
681
691
673
672
687
696
681
677
686
683
660
688
686
701
671
680
677
669
662
680
688
676
669
674
688
649
644
650
657
666
650
681
683
705
688
675
695
710
702
669
669
663
680
667
677
691
707
688
668
698
714
736
715
708
705
709
677
667
673
664
659
644
629
647
663
704
716
684
681
679
672
658
661
672
676
684
664
683
693
709
687
692
704
703
687
671
666
665
673
663
695
700
706
680
685
685
680
649
662
669
681
664
653
661
681
712
713
697
717
723
701
658
662
665
663
641
639
653
653
622
622
631
626
600
585
583
598
609
604
597
588
596
614
642
641
619
633
620
622
603
604
597
608
604
620
640
642
629
641
645
653
636
644
653
646
640
636
640
640
634
620
613
624
628
624
619
633
668
669
669
705
699
695
660
670
675
679
662
674
669
658
634
617
627
645
680
697
690
693
691
690
673
646
647
654
652
636
638
654
666
688
694
736
734
715
702
709
711
697
670
682
683
676
644
646
650
658
646
654
672
684
669
653
646
646
653
645
652
664
698
684
692
704
718
698
696
703
693
674
648
652
670
686
668
688
699
715
662
646
671
671
667
638
646
647
656
638
623
624
628
641
650
641
633
651
685
727
720
703
703
695
704
698
672
679
680
676
671
667
686
689
671
672
698
705
692
671
643
652
662
658
663
651
652
665
677
688
685
671
690
697
694
681
668
670
672
671
649
665
691
715
705
685
657
654
660
658
659
652
633
642
650
653
646
621
626
604
606
633
678
692
671
688
693
688
682
664
653
665
677
678
684
666
638
622
620
623
634
829
862
822
810
798
768
746
732
718
696
686
684
691
696
709
728
740
725
714
710
714
721
693
663
657
654
643
645
651
665
679
678
675
675
681
663
649
653
652
651
645
636
643
646
656
647
667
675
671
642
646
642
641
634
638
644
653
644
647
649
652
642
627
636
651
667
664
689
696
703
674
665
668
662
663
646
671
673
686
676
668
676
686
683
668
695
704
701
666
666
679
677
650
659
669
695
678
659
671
674
682
666
671
670
677
661
648
661
666
652
645
651
654
661
658
691
685
671
651
675
665
658
656
686
689
682
652
662
666
675
669
653
669
679
683
669
688
703
714
705
692
714
704
686
668
667
671
658
654
681
699
714
675
680
681
694
675
655
673
676
685
652
651
658
675
664
667
698
720
706
675
692
691
682
657
648
648
646
630
626
640
661
662
655
678
701
693
679
713
718
700
675
664
664
673
652
636
648
654
673
660
671
700
700
657
635
626
612
596
593
598
583
584
587
593
597
590
597
618
651
683
659
676
707
721
720
692
689
686
666
646
636
653
666
673
655
657
681
687
675
660
674
675
665
634
635
638
644
627
633
643
645
632
644
644
657
637
653
654
664
646
663
655
646
627
644
638
638
622
648
661
676
667
679
701
712
690
683
692
690
683
649
663
659
669
658
691
698
679
658
671
666
644
625
639
644
658
631
655
676
694
683
646
680
699
698
701
682
685
675
684
690
666
671
682
702
675
659
666
678
663
653
669
669
680
660
642
640
663
699
760
752
736
755
758
736
747
751
760
736
700
667
677
682
713
714
726
771
775
773
725
729
724
700
664
661
638
620
623
649
671
679
708
730
738
701
689
695
692
681
660
673
690
714
695
701
732
740
719
689
698
695
684
641
648
652
684
681
693
700
696
668
684
684
677
651
658
650
672
659
662
678
697
690
660
683
683
668
650
673
676
706
688
708
692
678
662
658
666
668
664
656
683
697
680
654
643
630
645
635
644
675
678
703
688
679
641
636
637
644
639
612
597
583
572
566
574
585
621
676
709
706
697
716
721
701
685
669
659
638
637
649
671
674
676
660
646
642
746
769
789
798
790
751
717
671
664
665
670
684
691
698
691
706
719
721
700
715
710
701
682
665
677
684
688
658
692
696
692
660
693
706
721
695
688
676
681
673
646
673
697
723
710
710
747
752
725
751
743
733
722
734
736
747
716
733
740
743
727
750
752
728
688
701
711
690
682
727
732
709
691
707
695
657
667
655
648
622
634
646
658
652
666
669
670
648
649
667
672
664
638
648
642
653
650
637
667
693
711
688
718
722
708
669
675
667
675
662
676
676
659
643
649
651
659
656
657
662
658
644
621
624
630
646
654
649
651
672
679
682
669
682
665
655
641
653
656
684
676
679
696
715
694
677
667
661
646
642
649
652
645
642
664
681
666
649
679
684
680
653
663
656
651
635
639
645
637
619
643
648
670
659
666
638
622
615
631
636
626
616
627
628
633
628
632
650
657
651
639
655
669
656
641
646
657
668
661
646
677
686
676
650
665
671
682
657
660
667
682
672
650
659
665
678
660
667
675
688
676
661
679
693
690
692
670
685
713
729
709
713
729
739
742
709
714
717
720
686
682
710
729
711
718
736
727
687
685
694
692
677
659
675
690
686
688
691
709
675
675
684
693
664
654
663
683
702
680
674
689
691
665
662
671
689
689
688
743
754
755
701
723
708
688
656
663
665
688
699
702
728
752
735
701
714
711
708
683
702
703
704
679
694
694
696
683
670
688
694
680
659
672
681
671
642
636
631
606
601
623
630
645
689
713
689
665
640
651
658
660
630
626
645
670
686
672
700
716
727
686
652
656
650
665
646
657
670
703
691
699
728
737
722
689
694
704
699
668
670
670
671
677
688
730
756
754
720
735
711
713
697
739
758
756
738
767
780
754
744
770
758
731
704
726
754
749
724
754
759
753
734
765
781
770
741
765
769
764
725
751
752
745
710
715
738
767
743
729
730
714
676
650
668
681
669
670
645
655
648
649
647
671
688
717
707
714
730
742
712
687
687
679
659
652
672
691
679
667
681
696
692
666
653
675
679
674
649
665
662
660
635
644
648
653
637
655
664
669
665
649
658
665
671
659
654
646
645
619
621
629
646
642
667
717
756
763
772
759
753
702
687
679
685
653
631
610
601
633
667
736
772
782
776
763
736
693
690
688
669
654
646
669
698
734
716
722
747
722
678
682
681
673
667
653
668
687
686
692
713
721
697
728
733
732
695
705
704
700
668
655
663
663
652
663
688
720
700
711
724
730
689
687
681
681
649
632
619
632
639
642
612
619
638
632
657
676
689
690
677
662
675
684
686
699
729
798
811
800
786
794
803
797
753
734
741
743
728
682
710
716
732
716
763
771
715
719
728
737
702
685
689
692
679
656
683
687
684
666
700
725
736
672
675
673
701
673
694
714
729
727
711
734
739
740
708
707
716
709
684
674
692
688
705
665
703
729
740
710
688
688
698
684
661
652
670
693
714
709
676
673
694
696
694
680
711
731
738
703
689
682
639
621
633
638
639
677
736
783
748
721
764
765
726
697
713
690
665
668
686
700
697
699
738
695
686
680
703
728
706
720
765
770
731
722
728
693
652
629
616
611
632
655
817
812
832
829
848
847
807
774
725
708
721
738
743
772
771
743
759
752
752
710
681
696
720
738
739
706
751
743
721
695
735
766
767
719
694
707
709
706
726
789
779
748
751
780
787
747
741
748
722
691
708
750
750
712
736
733
728
706
687
705
728
747
724
725
744
732
727
688
699
708
701
676
708
755
761
753
732
723
729
734
717
761
773
760
727
740
743
734
698
740
744
757
709
745
751
752
720
756
768
749
728
744
751
724
697
750
767
769
738
771
782
770
745
750
743
715
739
771
763
725
751
748
752
706
729
734
745
738
726
771
790
794
763
771
757
749
727
729
741
761
729
774
782
769
739
769
765
734
694
697
688
659
640
644
665
687
669
707
724
732
699
701
666
637
646
653
651
672
699
740
742
706
717
709
696
673
703
727
734
698
723
723
707
676
679
680
693
667
696
722
743
724
738
759
782
726
691
696
706
705
714
778
802
787
797
801
769
716
719
728
707
693
730
763
750
729
779
786
731
721
732
735
718
706
745
746
694
718
740
755
727
709
747
757
737
729
761
741
710
701
713
730
726
736
750
754
709
685
687
707
682
680
699
720
683
692
714
727
710
717
726
761
730
731
763
763
715
725
730
737
717
719
740
735
694
716
745
771
738
743
750
757
722
729
727
723
688
720
721
741
721
756
767
729
696
693
692
674
666
702
732
740
731
749
766
756
730
722
734
746
729
701
716
731
751
724
718
724
718
691
705
723
729
697
726
722
729
691
721
720
701
688
716
718
712
675
687
672
687
679
663
685
692
698
676
676
674
682
667
691
742
764
731
766
775
753
724
731
748
749
697
714
704
680
683
714
745
754
732
767
796
778
743
751
732
697
673
693
705
687
665
689
712
716
708
754
773
757
728
727
712
687
678
694
707
696
673
716
720
726
684
698
706
709
684
695
722
735
714
734
734
729
702
666
665
655
703
730
758
770
742
714
694
703
679
713
750
780
758
771
771
777
745
736
725
711
701
729
747
745
704
712
735
755
724
690
699
709
717
676
655
636
632
678
722
715
703
751
776
754
729
725
724
725
699
686
715
745
727
702
706
719
735
727
701
728
732
745
704
697
693
692
681
668
727
767
801
796
764
800
801
790
737
731
739
727
694
703
756
781
795
802
835
826
772
750
717
677
650
679
698
742
726
687
680
650
688
719
747
763
741
720
677
646
645
645
642
642
631
639
673
717
733
734
742
739
739
699
682
694
695
688
667
652
653
645
639
634
643
658
707
733
713
746
744
704
663
663
672
679
685
704
738
752
729
764
792
771
735
705
699
686
661
660
681
682
659
654
668
691
676
694
711
703
676
680
676
662
659
660
652
646
653
684
713
678
703
731
748
688
691
703
713
678
672
679
695
671
655
690
674
644
657
666
681
664
653
668
668
666
646
656
657
654
656
685
674
663
675
678
700
703
704
702
696
650
675
675
681
668
688
677
683
666
691
694
692
678
698
709
683
673
699
708
693
688
715
701
669
651
626
606
614
623
634
675
734
717
704
736
750
702
686
685
685
662
646
670
691
687
668
689
694
712
675
665
675
686
684
657
648
670
686
667
654
668
668
683
664
670
664
670
657
683
672
659
637
650
657
667
650
673
695
709
674
682
681
688
665
676
697
718
700
716
720
711
679
674
672
682
677
662
683
686
674
658
672
681
679
653
663
665
674
652
687
676
661
641
675
713
719
679
707
721
733
702
694
696
690
675
643
664
668
659
649
677
703
714
699
724
741
724
707
725
709
677
695
712
723
688
663
681
696
703
696
664
671
667
636
639
659
662
651
689
719
731
712
709
756
801
789
762
726
740
746
770
764
736
758
764
757
723
749
771
752
731
735
731
727
683
671
670
667
645
656
680
674
662
659
657
645
620
590
595
589
590
600
614
620
632
648
654
639
663
662
672
684
670
646
663
668
702
702
693
708
727
757
726
743
762
782
756
738
768
790
779
734
763
779
790
758
762
762
760
712
716
742
764
779
751
780
785
764
729
744
760
771
762
741
771
782
802
776
785
816
861
845
786
808
819
795
739
735
767
809
826
786
795
756
713
718
706
723
725
724
699
740
762
783
744
710
717
728
708
682
694
708
736
771
742
711
677
617
628
705
714
764
789
794
766
726
680
651
638
629
623
622
614
597
590
593
604
589
593
589
639
654
646
628
648
641
629
627
617
659
657
655
607
620
661
697
703
732
787
836
863
745
721
722
724
739
735
773
761
786
836
825
852
901
857
792
763
686
660
711
770
766
798
795
745
716
725
754
728
698
735
783
729
690
729
747
742
678
692
639
619
630
633
671
718
825
785
798
896
945
875
848
843
827
752
742
758
777
783
798
880
911
849
809
869
868
814
775
817
837
769
774
819
837
802
831
879
836
766
794
759
708
668
659
650
639
652
668
673
641
624
600
599
612
626
609
616
599
630
650
624
622
641
697
705
688
733
714
705
659
649
630
653
673
671
717
727
794
801
866
822
714
674
637
646
693
686
755
791
773
702
687
762
724
717
676
656
649
646
630
631
665
672
639
629
644
637
650
689
712
717
699
685
720
749
754
704
722
734
800
776
766
779
734
695
757
717
719
756
773
743
716
745
745
774
728
730
804
852
787
781
803
845
777
732
746
720
682
696
675
686
776
856
814
750
797
781
747
688
725
712
700
663
695
689
675
671
725
779
801
791
804
800
737
739
734
721
714
674
649
632
632
625
607
615
626
658
686
713
766
815
777
798
738
683
696
718
715
698
749
790
827
822
843
808
755
792
762
837
833
820
791
816
838
829
787
788
834
849
775
754
719
691
668
696
693
698
662
641
633
643
651
669
646
642
670
712
705
683
663
713
749
745
757
807
852
789
803
783
753
737
781
762
732
717
720
750
755
733
704
745
766
816
771
760
789
808
765
796
826
856
815
854
877
853
774
747
726
690
658
683
787
882
878
841
872
865
806
761
771
774
725
752
770
794
758
792
813
807
764
817
820
795
764
807
815
803
734
761
776
811
799
835
874
877
823
841
845
817
743
764
776
764
744
707
738
831
834
850
892
894
826
789
798
787
760
741
811
872
867
825
868
881
844
875
908
903
842
881
884
893
836
837
866
904
874
841
910
952
917
853
892
929
908
867
918
926
873
805
873
909
898
847
882
886
843
797
831
864
856
813
841
878
896
862
855
833
795
755
728
699
753
835
894
917
905
839
811
793
777
786
784
792
811
825
813
845
836
840
857
858
806
753
761
763
781
729
775
799
823
770
729
741
753
762
729
759
765
771
750
779
783
771
766
786
802
771
807
826
810
752
799
817
792
750
794
789
787
754
747
800
813
793
757
792
805
768
713
726
732
694
666
695
762
792
865
914
905
833
837
819
807
771
818
825
791
838
881
855
805
846
820
756
761
785
788
750
754
835
898
866
872
940
907
833
838
821
758
741
744
813
899
888
859
901
889
803
776
779
785
804
802
836
808
820
823
823
774
804
818
846
812
823
836
815
764
804
824
813
788
835
858
830
819
838
848
804
763
762
720
703
730
714
752
788
823
814
854
851
790
738
744
748
725
759
810
838
819
874
909
847
873
856
807
823
831
801
756
729
750
804
842
861
813
798
796
780
756
780
798
815
797
818
842
854
809
735
740
792
825
849
839
802
822
822
814
783
826
859
890
844
866
815
805
766
773
789
821
790
815
807
814
766
801
815
827
789
762
740
732
742
758
1004
983
890
848
809
733
729
716
722
711
717
678
674
696
746
786
825
814
766
741
748
755
750
732
743
746
750
738
778
769
751
763
770
759
720
730
747
734
704
719
739
773
751
735
780
793
808
771
788
791
785
756
747
758
756
762
740
742
774
784
785
747
784
790
787
745
774
808
846
830
769
768
729
696
719
731
704
742
768
785
777
755
762
775
758
763
790
799
748
758
774
786
759
780
796
802
776
807
816
802
756
784
793
779
755
771
793
787
780
817
851
844
853
861
875
838
857
861
888
855
887
877
865
811
845
873
871
835
859
844
810
819
848
850
810
831
854
837
776
795
808
835
793
836
851
828
792
821
828
798
791
804
813
772
797
812
789
750
762
793
760
744
781
796
768
788
827
824
787
824
816
808
771
805
835
838
799
818
833
813
779
811
820
798
745
785
806
807
761
801
799
755
735
733
726
696
716
754
795
776
801
843
843
800
771
734
698
668
664
710
757
767
751
781
818
831
803
847
860
833
774
777
783
820
780
826
856
846
796
802
809
763
786
789
763
757
791
786
757
791
802
813
775
798
789
794
749
792
800
797
825
835
833
777
791
787
767
746
801
829
807
783
813
823
815
765
795
821
850
819
865
890
836
822
847
825
776
804
831
826
789
821
819
790
755
802
855
832
816
851
868
817
827
857
851
819
857
846
843
802
815
773
728
704
690
669
677
697
678
684
696
700
684
683
717
727
717
708
735
761
725
725
760
748
714
732
735
720
702
733
756
766
747
771
777
736
749
740
715
684
714
733
741
722
737
738
731
703
690
702
717
732
715
752
770
791
764
800
813
814
783
812
814
785
756
778
783
745
748
766
788
771
837
849
806
813
821
784
725
721
685
689
712
683
714
747
752
732
763
786
783
748
765
750
714
734
769
791
767
809
834
802
766
770
784
799
775
740
764
770
767
737
740
750
764
737
779
806
791
738
771
771
740
715
704
696
666
631
634
637
644
636
636
663
682
681
667
675
689
697
684
669
686
705
713
689
674
707
722
735
714
729
760
800
789
765
737
700
691
788
814
843
854
855
845
802
754
765
763
764
754
800
813
813
770
798
813
796
754
761
761
742
720
759
757
766
738
789
801
778
751
767
789
781
779
798
798
771
764
788
791
750
790
804
760
735
751
728
689
692
733
779
723
740
763
763
743
748
734
698
719
727
740
733
770
758
729
764
781
755
746
718
686
692
710
706
718
752
785
781
765
821
860
846
796
803
796
784
762
797
817
820
814
852
846
812
821
845
826
759
739
743
740
717
744
764
789
746
794
801
809
771
804
787
745
716
729
749
749
769
833
858
813
814
836
812
738
702
715
720
741
723
689
711
728
750
732
735
769
804
795
756
752
757
756
742
741
754
761
733
709
729
724
715
700
690
746
784
808
772
755
766
775
778
739
724
750
759
736
738
749
756
728
701
688
689
736
772
798
794
746
751
749
738
706
710
711
727
715
698
660
646
646
646
713
775
762
760
740
748
771
762
752
742
711
702
706
710
710
711
699
704
713
728
741
743
721
744
747
752
720
717
709
711
689
684
710
735
722
695
697
722
728
719
699
713
722
734
710
679
674
689
729
752
774
737
743
754
730
718
711
733
737
719
697
715
701
696
683
678
697
677
649
659
681
674
695
714
722
695
693
702
718
717
699
741
761
752
730
760
743
702
670
679
683
690
675
675
692
716
734
705
718
728
737
717
721
718
699
686
703
737
763
750
771
783
810
773
769
771
756
718
725
738
738
712
746
776
759
746
770
773
729
724
735
734
718
735
724
709
681
659
670
697
730
793
780
808
826
826
810
827
824
802
766
756
758
748
738
785
816
810
766
796
803
801
766
787
787
745
763
782
773
743
778
788
789
748
771
782
748
757
810
841
815
772
812
831
790
768
797
812
789
773
797
793
753
762
765
762
741
777
778
747
768
781
778
738
771
787
773
798
809
781
744
773
765
730
759
779
784
755
771
790
769
729
740
751
728
692
688
699
718
698
716
730
734
698
708
751
790
763
769
798
806
781
778
785
768
725
698
680
713
747
770
753
738
742
732
727
690
668
676
666
675
708
724
733
709
715
745
772
761
753
769
789
743
746
739
750
717
745
752
725
700
702
750
775
735
725
737
754
722
743
765
783
746
771
786
785
748
766
771
775
740
772
768
706
676
666
704
741
791
771
745
769
794
785
735
677
660
800
831
883
884
883
855
789
786
787
781
772
780
788
806
784
809
806
815
775
785
807
791
781
771
791
772
725
702
732
757
788
762
790
804
775
767
782
738
698
675
669
674
704
709
737
705
737
709
726
709
675
670
684
689
690
684
714
733
767
755
771
795
790
771
773
766
733
693
707
727
727
722
760
749
735
761
780
771
728
732
721
691
690
714
718
705
742
774
766
722
758
771
792
749
750
752
759
737
765
792
784
759
775
780
755
739
780
805
758
753
767
774
731
773
795
797
749
778
774
751
769
761
760
725
754
764
761
733
756
739
704
712
727
714
709
787
797
765
762
789
777
735
739
733
728
715
698
743
794
807
787
830
834
816
770
794
792
753
757
770
775
722
746
760
754
743
791
806
781
772
768
731
732
738
733
705
712
724
744
734
765
783
782
745
778
784
752
712
724
715
702
693
734
795
779
778
829
802
757
760
749
728
702
726
736
717
703
726
735
705
702
710
731
709
723
733
723
693
693
704
701
678
659
688
689
688
658
673
670
656
645
632
617
607
608
606
599
598
615
629
636
617
632
641
650
641
623
607
604
665
747
800
795
756
752
753
775
722
739
733
735
714
712
722
732
711
737
743
764
739
751
753
753
738
765
765
746
729
736
732
720
692
720
742
762
746
773
793
762
734
775
783
790
756
785
789
771
745
779
777
733
729
741
726
704
688
728
768
765
727
774
777
722
685
714
729
719
701
757
735
719
740
771
774
744
727
717
679
664
679
705
724
707
748
780
809
797
769
782
773
751
708
724
744
749
743
803
819
769
744
737
755
728
754
743
742
721
738
750
737
734
726
724
681
689
726
782
769
735
722
699
695
689
704
719
741
728
711
730
743
759
795
757
749
766
802
813
792
802
841
855
806
760
775
795
814
797
807
817
811
775
807
802
767
753
790
807
773
766
805
814
773
753
764
764
786
766
737
779
813
834
788
723
674
658
744
794
814
802
793
716
698
700
684
686
673
702
741
732
788
834
862
858
800
799
798
801
800
773
730
756
760
757
726
755
757
775
745
797
774
760
710
741
744
763
719
759
760
733
700
715
719
706
692
703
697
688
700
732
763
760
740
778
777
757
725
746
761
777
751
752
760
761
738
763
777
775
741
776
795
784
731
768
788
816
782
802
810
786
747
752
756
737
766
800
814
773
818
817
789
766
785
746
711
727
732
745
708
763
781
813
799
750
761
760
714
695
681
655
674
721
729
704
716
784
821
825
829
756
764
763
776
768
731
801
840
868
852
805
842
840
829
757
709
733
750
805
833
853
881
888
832
763
767
796
816
829
807
757
701
736
738
781
785
772
813
833
831
738
745
740
755
777
767
776
838
877
931
923
876
823
813
816
833
841
841
818
767
719
691
803
847
860
862
839
807
753
767
761
741
710
699
717
720
747
742
745
732
743
737
745
723
707
685
681
695
710
741
744
741
737
774
730
705
695
725
784
772
771
751
701
710
718
732
752
769
750
809
857
872
867
805
747
750
753
760
762
814
828
798
864
858
838
830
832
827
764
744
755
755
725
729
743
781
765
772
792
796
765
764
750
729
685
700
681
690
718
788
831
801
850
860
852
798
795
787
747
725
749
766
749
778
809
826
792
840
847
802
755
777
802
797
781
816
826
792
824
859
851
834
854
844
795
803
825
787
790
837
837
796
818
826
814
760
783
799
789
765
817
816
784
757
796
787
731
737
763
785
745
795
808
770
777
796
824
775
779
795
780
736
752
750
772
755
753
788
803
764
774
774
759
714
776
788
776
761
790
799
744
725
766
809
816
782
818
830
811
774
811
827
814
780
821
837
810
846
835
793
777
813
820
772
811
830
816
781
818
813
770
798
822
799
764
811
808
768
756
758
763
726
758
790
831
784
840
820
773
760
743
704
689
704
731
757
734
770
808
803
759
786
796
776
801
795
740
734
773
794
781
739
765
781
764
772
771
745
697
707
736
797
780
807
840
854
797
796
803
780
738
735
766
788
754
790
776
721
692
693
738
771
783
758
734
784
812
829
792
748
748
762
755
748
812
840
816
841
838
791
746
773
800
783
736
761
779
770
773
811
797
741
763
770
757
725
742
746
757
737
741
785
795
753
713
687
661
652
717
740
755
733
718
722
705
672
662
656
637
629
648
696
682
718
762
780
754
709
685
692
688
672
653
654
714
781
801
759
768
760
750
727
746
736
713
723
740
763
739
733
764
773
764
753
770
787
763
751
776
777
761
771
772
746
700
732
745
752
741
770
768
717
728
719
710
695
731
736
718
746
764
750
720
751
766
767
796
848
838
796
802
802
839
792
796
799
787
763
803
815
802
803
806
785
750
740
754
740
714
755
780
781
749
767
784
779
750
781
809
824
815
836
832
816
844
839
802
789
778
821
837
877
876
838
788
805
805
793
767
794
816
807
778
795
798
781
775
804
813
790
763
812
819
808
783
816
835
822
798
813
840
854
839
783
785
779
722
732
751
782
729
784
793
754
749
759
743
717
724
749
757
733
725
748
749
728
710
720
720
690
714
743
748
726
763
771
751
752
753
736
688
708
737
728
711
747
733
698
702
739
755
728
758
768
747
733
752
757
728
706
747
772
757
729
733
691
674
693
689
722
773
796
753
726
739
759
741
729
788
812
796
794
812
807
779
820
814
754
774
794
807
770
838
865
839
837
836
750
704
732
766
798
756
823
883
845
863
820
773
779
808
832
804
835
882
890
835
852
870
850
810
846
841
806
866
875
843
804
837
856
839
819
857
860
795
809
844
854
820
849
853
814
832
832
823
771
793
802
782
801
829
818
782
804
799
790
787
856
869
827
783
810
805
780
769
811
819
794
829
849
815
767
784
800
771
737
744
755
751
716
723
758
766
731
761
805
810
746
755
787
808
782
813
847
844
820
819
824
794
735
784
791
841
817
834
850
833
788
796
829
851
817
837
853
832
791
829
829
799
808
840
866
808
826
853
840
791
827
834
787
799
836
856
810
871
873
823
815
832
837
792
813
813
782
754
815
832
801
835
843
828
772
818
835
796
762
803
806
799
847
863
878
810
829
779
700
682
692
774
864
884
863
862
922
907
829
813
797
769
785
826
846
829
823
793
759
721
726
822
892
915
824
784
744
746
766
760
956
891
839
813
801
788
781
772
756
747
762
781
768
761
741
775
793
792
755
712
716
731
760
777
754
780
820
856
837
819
830
830
810
784
822
836
803
805
834
841
786
813
795
749
757
752
743
707
702
674
718
782
767
809
846
830
785
796
791
740
745
757
767
727
792
790
777
787
794
799
758
788
775
731
704
742
763
756
762
755
757
713
724
722
704
672
679
708
736
714
741
763
742
737
746
792
816
799
730
741
727
712
698
722
760
832
841
830
875
873
839
859
842
811
817
855
853
822
771
777
752
715
727
787
801
781
821
828
799
810
799
760
733
771
786
758
764
795
796
746
787
791
767
775
793
790
756
796
783
742
746
754
750
725
760
782
758
721
749
746
712
707
719
737
725
758
751
748
745
771
779
753
775
780
750
715
742
745
697
706
702
680
652
678
729
750
771
816
819
768
859
865
823
840
823
781
804
806
769
732
759
779
749
749
780
795
779
799
818
809
748
735
754
793
764
786
789
805
769
808
826
804
782
807
803
770
782
789
775
764
808
822
809
783
814
803
802
771
798
820
821
776
829
841
823
832
856
851
806
834
840
803
789
813
798
771
792
775
745
776
781
750
760
801
785
753
743
768
766
725
734
740
744
717
732
731
710
709
730
712
687
677
659
646
640
676
686
680
715
707
727
696
684
705
740
729
736
762
773
740
746
791
798
755
711
666
716
739
773
799
807
803
778
739
765
784
802
813
813
830
854
856
838
797
796
780
788
746
767
817
850
845
852
863
834
753
715
724
722
729
718
744
799
828
830
799
817
807
781
767
775
773
730
706
695
701
680
703
755
808
794
803
835
835
786
748
754
767
768
734
733
734
739
701
737
760
790
765
782
815
849
820
795
786
798
741
754
787
812
760
774
792
800
771
768
794
804
785
739
756
763
760
730
746
763
777
764
741
733
719
675
682
681
703
689
712
767
770
744
788
798
758
768
767
730
688
669
697
733
759
773
752
795
813
824
803
827
837
831
787
790
804
812
743
736
763
754
721
722
765
797
807
771
762
771
784
751
733
765
786
810
818
762
751
791
809
822
790
765
785
756
760
719
742
779
810
825
819
785
799
801
793
750
717
724
741
772
754
697
746
784
838
844
805
801
780
754
716
679
666
660
663
727
847
849
835
806
871
924
877
875
895
885
822
884
856
777
770
730
711
684
710
728
730
700
690
712
703
696
672
709
707
686
650
636
625
689
781
834
810
800
858
890
873
813
847
822
757
709
738
685
641
623
641
722
813
750
737
847
893
956
844
775
772
735
718
729
737
692
720
696
683
680
713
748
722
733
752
754
709
728
731
721
667
694
733
783
795
741
749
752
749
694
651
646
736
769
834
854
853
821
757
742
713
686
711
744
865
920
922
881
846
849
836
820
780
780
786
777
716
699
700
729
790
803
846
893
951
903
855
813
765
694
696
696
714
688
726
781
810
787
821
866
885
808
808
792
784
751
742
709
662
647
646
689
713
716
689
727
688
684
732
740
715
690
728
725
699
662
696
701
736
726
776
780
783
705
689
699
751
770
758
850
891
802
781
789
787
711
749
815
808
760
731
756
694
718
781
768
748
787
811
783
722
742
734
678
674
673
687
679
683
696
686
658
681
725
697
663
673
696
682
646
638
627
634
603
618
650
685
643
636
626
601
582
584
612
615
588
606
682
719
652
666
713
696
622
607
620
649
674
644
631
647
640
631
607
613
607
609
586
590
607
639
646
610
636
647
656
648
634
656
666
671
633
623
640
662
670
649
640
675
723
772
735
701
731
735
741
714
713
774
816
811
754
790
815
822
762
771
776
736
694
667
688
710
715
720
723
752
741
736
712
700
714
760
691
675
662
662
753
812
897
911
882
798
745
770
787
827
846
806
867
911
893
848
809
851
844
829
771
745
776
783
814
816
874
907
906
856
866
861
808
780
811
815
833
849
886
901
851
857
870
892
808
752
728
905
1020
1014
965
862
825
804
804
783
763
812
845
871
851
776
761
732
725
968
971
970
941
915
879
852
825
802
790
760
730
749
797
845
873
887
843
820
834
824
785
775
767
711
696
685
696
753
773
763
805
829
820
748
698
668
649
662
674
688
716
715
763
799
789
765
729
720
736
744
732
693
703
728
786
835
841
815
849
854
871
865
815
844
851
818
796
824
856
864
819
841
862
849
792
799
796
726
689
691
688
690
677
670
664
703
740
771
808
791
777
781
800
767
749
777
813
812
774
789
783
756
752
776
748
717
728
791
835
800
799
834
833
797
768
795
832
835
803
882
918
871
859
857
861
823
841
866
899
842
858
862
822
771
794
775
729
703
727
806
857
874
816
832
812
764
745
776
819
830
861
888
873
800
817
816
818
813
864
899
893
894
931
919
856
867
841
760
729
738
785
866
858
804
833
848
826
806
827
819
781
741
763
768
781
760
771
825
863
880
859
877
896
904
844
821
821
811
774
773
819
870
841
838
901
916
876
843
832
833
821
832
895
925
927
914
942
921
891
845
854
854
848
790
781
906
927
886
816
792
751
729
743
774
817
796
792
819
827
812
787
821
830
808
804
867
919
876
876
847
793
814
836
837
794
755
752
744
758
1078
1087
1017
959
876
858
866
850
821
787
814
842
889
899
856
864
872
846
780
785
828
824
804
808
827
827
785
793
811
815
788
822
846
853
800
767
782
796
785
781
875
879
858
814
830
818
747
739
744
742
740
759
789
813
790
839
851
820
795
787
735
694
722
739
754
760
833
890
837
842
877
922
849
833
847
837
771
756
770
779
743
776
813
749
736
767
772
743
727
727
740
712
715
692
667
685
721
712
736
781
799
797
751
781
795
802
772
779
813
843
811
840
864
854
794
808
830
838
785
843
874
823
851
867
888
822
817
806
776
748
778
793
781
759
810
797
776
749
806
823
822
805
771
801
809
797
752
741
761
791
770
756
807
830
800
804
807
828
796
782
809
819
777
734
715
731
762
726
761
774
759
688
688
698
691
688
728
729
738
728
762
715
749
733
737
733
729
734
729
736
748
733
782
813
828
799
798
811
833
813
779
792
789
735
721
704
705
707
702
687
680
688
704
697
687
676
688
714
744
749
807
853
882
824
801
787
791
748
739
744
742
712
700
711
725