807
897
915
837
798
806
794
760
784
813
765
760
809
833
808
828
856
813
801
827
799
790
792
749
762
794
751
754
755
730
733
777
777
759
817
866
818
821
825
767
731
753
803
801
796
846
819
781
786
788
757
785
826
838
766
782
835
825
826
843
803
756
772
824
811
803
840
849
810
817
793
752
746
787
781
810
876
871
801
790
753
705
718
767
763
761
808
818
808
847
834
779
772
776
744
747
777
761
739
768
773
760
775
787
774
721
735
769
760
760
770
751
740
752
757
725
759
785
768
769
787
779
737
758
782
757
763
784
750
728
739
751
702
688
696
709
688
670
689
709
703
708
741
746
706
693
694
695
690
701
726
700
694
708
712
717
759
767
740
728
749
746
723
723
756
735
735
772
765
729
729
722
703
701
722
707
695
726
753
728
729
736
711
688
680
651
631
630
623
632
683
724
741
800
822
800
815
839
809
742
767
835
831
771
762
771
724
675
644
633
660
710
732
781
795
781
787
787
752
761
777
788
821
804
799
757
737
712
723
754
748
787
791
781
813
819
769
784
810
769
771
797
749
756
813
793
824
830
754
764
798
817
766
798
815
782
790
825
796
808
826
768
758
764
755
751
808
854
801
803
799
782
803
866
882
799
790
786
752
772
777
759
771
784
757
769
758
708
700
730
759
722
697
733
759
746
764
778
800
780
784
783
756
744
748
729
758
839
835
807
834
844
807
826
838
803
798
813
813
788
782
755
749
767
759
751
778
785
746
746
749
743
713
745
776
750
754
796
759
719
737
752
714
704
718
712
701
721
730
734
756
737
718
721
694
677
689
707
692
672
679
702
672
642
658
691
668
646
652
625
623
630
616
633
666
705
713
682
702
735
735
699
709
712
714
697
731
793
786
754
744
756
724
719
750
767
746
788
803
812
782
748
736
758
741
683
646
634
679
724
770
811
823
777
761
780
773
776
816
835
813
809
774
749
716
705
714
716
701
712
751
766
747
775
789
746
737
728
705
705
723
734
723
763
783
743
738
760
752
749
803
785
749
765
791
744
747
739
723
721
741
738
701
675
695
697
690
700
706
691
707
734
719
721
718
689
714
722
708
691
707
715
729
777
790
759
772
763
735
745
759
729
742
769
741
738
768
770
756
779
805
762
761
773
738
741
771
761
766
787
746
733
740
714
726
752
790
765
810
811
768
771
760
745
759
752
753
755
714
703
701
671
662
658
663
662
661
675
680
672
683
693
680
689
706
695
676
684
705
710
689
706
721
697
706
727
706
707
702
684
675
684
695
666
634
651
679
695
687
707
715
675
639
641
670
692
677
681
709
747
725
738
743
730
743
777
796
751
746
763
768
735
772
774
731
725
744
747
745
784
804
780
786
783
770
785
762
712
723
753
772
734
756
811
827
787
816
843
762
698
699
670
645
633
660
729
756
732
767
792
751
757
774
771
731
745
796
809
771
780
803
772
789
821
794
785
815
804
771
783
778
752
753
767
735
729
737
732
703
710
743
750
722
737
740
705
712
731
754
738
751
756
739
756
775
754
748
774
767
748
778
772
748
793
833
800
794
813
775
759
778
771
721
729
761
733
729
781
761
731
728
751
745
748
777
772
793
829
793
808
830
789
742
747
746
731
750
788
759
733
788
852
800
751
760
769
727
717
731
725
705
751
785
738
735
768
757
733
763
794
773
769
783
769
811
837
802
788
794
780
768
774
776
745
781
804
755
742
765
758
726
769
778
734
674
647
630
635
648
681
688
690
701
690
721
713
703
729
770
751
738
738
705
686
649
634
609
597
626
707
731
772
801
823
813
809
829
839
801
849
864
866
896
851
837
808
771
763
784
806
773
781
785
744
741
754
722
735
725
690
703
746
726
707
724
741
726
734
744
729
724
751
760
762
777
783
764
768
744
754
776
764
757
748
697
695
732
688
691
768
758
776
804
767
752
755
747
765
791
784
789
818
784
777
831
784
763
768
761
735
767
780
749
747
732
700
681
685
696
695
692
696
667
624
614
625
631
670
732
767
766
802
799
763
790
819
782
788
794
749
764
804
796
778
864
857
770
773
805
780
729
711
725
728
711
766
814
781
796
794
729
713
722
684
691
718
728
727
762
774
708
728
745
703
720
728
719
704
730
738
722
685
659
629
625
619
633
657
657
651
700
805
857
813
751
754
793
818
810
848
963
939
830
894
958
934
854
862
861
825
736
688
687
1132
989
974
950
930
892
886
910
943
931
900
886
860
851
870
833
766
763
785
831
796
801
840
859
808
810
813
789
743
739
765
817
811
764
742
684
667
687
715
719
720
772
760
709
689
690
657
662
688
730
735
752
803
796
757
745
741
733
701
695
731
721
690
696
705
654
651
638
661
700
704
759
827
825
776
764
765
774
776
865
894
860
881
872
841
862
885
848
850
830
790
860
875
802
824
817
807
838
818
800
847
791
796
798
745
740
771
790
755
815
914
907
852
892
881
814
841
841
806
797
818
793
794
819
795
800
838
859
827
849
868
817
808
808
768
775
844
848
851
892
866
822
837
846
807
802
779
729
706
724
684
668
681
669
688
745
729
760
821
787
728
693
678
680
657
674
687
671
700
723
717
740
750
719
702
692
679
677
686
692
701
740
767
746
757
781
765
744
753
731
717
720
721
700
723
746
717
733
777
761
748
754
737
720
739
732
687
670
680
677
672
701
722
684
694
742
788
765
720
724
746
765
748
770
846
860
745
683
665
762
882
922
939
921
888
880
830
842
871
814
812
782
771
756
757
779
789
799
797
776
759
784
804
756
749
729
717
742
833
871
844
871
820
760
742
744
719
763
873
862
846
868
846
829
810
771
752
770
784
745
768
796
735
703
726
749
726
716
768
842
844
791
797
805
770
738
785
894
874
846
877
911
856
885
888
821
796
806
805
769
850
909
807
757
789
793
752
750
733
692
697
700
667
648
689
754
770
795
811
793
773
794
796
768
773
824
793
726
770
814
783
811
853
818
835
830
796
783
773
749
788
846
797
769
777
734
732
752
750
754
784
768
746
765
793
755
727
728
715
700
733
775
761
742
778
829
781
760
751
727
720
738
767
765
816
793
776
796
874
834
840
863
867
797
817
819
756
759
754
735
763
803
762
742
733
719
684
707
755
704
670
652
665
689
675
689
743
765
734
767
780
720
712
719
713
709
731
725
705
763
775
730
725
751
750
726
730
755
749
745
765
738
754
797
786
757
802
805
747
740
771
751
703
704
729
726
773
815
768
777
784
758
758
791
780
750
777
798
781
781
800
741
693
705
700
684
713
737
786
798
748
708
717
710
675
632
630
692
720
756
812
839
776
766
769
789
755
768
782
743
781
792
766
770
771
721
720
719
717
692
714
727
669
638
636
634
647
681
712
703
681
676
673
643
617
622
635
640
667
737
789
797
784
729
699
677
649
656
642
629
617
618
654
674
647
685
713
734
748
718
685
696
713
760
771
729
674
658
662
679
716
845
891
812
805
786
724
686
661
644
637
646
692
832
810
722
715
727
748
705
664
644
624
600
603
594
591
592
608
644
625
610
626
616
610
614
621
606
603
602
592
590
615
664
693
688
648
644
648
643
661
706
734
701
697
667
677
726
721
758
803
825
799
780
755
746
688
673
672
705
816
819
784
854
873
791
787
793
806
770
806
854
816
813
842
854
805
833
817
778
773
769
736
735
788
842
801
819
824
770
742
759
780
783
840
854
781
813
822
795
791
822
808
764
772
792
784
794
819
794
788
811
792
754
757
812
815
778
811
814
771
780
813
823
796
816
822
780
790
829
795
784
787
757
729
736
769
754
755
778
796
754
779
820
793
796
819
819
783
775
761
687
670
691
729
742
776
799
771
735
773
789
752
703
712
741
764
765
814
846
818
805
831
847
800
799
845
815
733
692
697
737
717
684
656
636
614
602
597
654
838
914
927
833
778
721
684
711
773
859
893
880
798
810
813
749
747
782
772
720
750
786
764
707
745
751
749
732
753
748
715
680
680
690
775
827
815
831
865
881
823
771
797
793
748
735
712
692
771
740
786
826
800
796
813
817
784
791
839
826
787
805
793
740
732
725
710
680
666
666
650
632
615
604
593
589
606
661
644
635
668
662
686
739
810
790
805
860
810
789
851
840
803
839
842
792
813
842
788
791
819
816
788
809
775
752
777
839
771
769
817
867
821
823
845
830
800
823
845
783
772
807
838
789
764
802
849
814
866
882
848
814
844
884
880
905
926
865
830
870
875
837
856
881
848
881
905
847
837
832
789
778
747
693
669
693
792
828
811
889
929
839
875
901
840
832
851
852
799
844
841
785
812
860
822
817
866
861
771
775
811
808
778
814
863
833
787
801
827
765
700
681
675
696
706
692
656
662
670
666
642
617
601
589
580
582
573
607
730
791
800
744
685
730
782
774
763
781
809
818
790
778
734
725
691
659
696
724
812
883
849
825
827
772
721
726
746
729
777
843
814
786
826
811
766
784
764
741
735
738
763
765
782
823
847
812
833
852
847
807
804
791
762
783
831
864
843
859
834
779
746
746
729
727
729
741
693
677
652
639
620
619
621
605
614
623
610
643
683
640
635
633
626
631
636
646
624
617
619
632
629
624
637
635
643
691
757
753
738
733
720
677
677
670
660
676
672
655
653
644
649
676
755
820
773
795
832
858
761
693
685
698
755
729
712
764
757
755
703
694
758
815
813
791
823
854
825
803
787
753
773
832
787
832
900
854
865
902
816
851
870
814
813
822
826
850
883
837
814
829
811
781
805
809
771
799
789
728
707
713
724
689
693
720
772
747
717
742
774
812
848
868
884
823
844
883
836
852
896
899
859
928
925
837
874
895
821
866
898
835
855
936
843
817
804
868
867
804
834
844
796
818
856
825
824
836
771
737
770
768
758
792
832
841
799
784
712
689
728
823
840
799
899
874
772
729
709
677
663
694
736
776
813
854
841
868
904
836
817
856
863
813
825
834
811
888
960
851
891
908
815
864
851
787
819
851
819
859
874
833
846
875
840
838
800
788
814
796
831