866
817
850
867
809
830
799
734
709
706
682
660
661
686
732
704
717
781
836
811
782
805
774
734
774
884
833
865
925
896
828
864
796
796
878
828
823
843
817
779
798
777
752
782
791
742
745
769
774
750
773
781
751
800
818
767
790
806
766
767
785
790
762
789
825
767
814
843
813
802
820
818
793
845
843
768
809
863
824
780
820
809
724
694
667
650
633
630
627
667
655
657
659
679
752
750
676
668
651
640
635
622
630
656
708
714
669
731
703
715
767
844
870
830
778
797
777
715
732
731
693
741
803
854
815
837
857
813
833
846
802
829
804
760
767
774
732
691
716
709
675
659
646
624
615
608
603
595
589
588
591
629
698
764
818
849
848
857
890
821
794
870
1009
1023
915
900
923
877
829
853
860
788
818
817
757
748
730
698
706
806
882
775
800
851
785
746
751
778
783
752
783
840
845
765
742
737
690
680
699
684
729
804
864
817
819
828
828
755
757
806
810
802
861
885
822
827
866
844
791
843
896
819
837
873
820
807
846
885
801
788
768
711
696
688
739
766
800
892
806
807
877
920
844
877
943
887
934
953
901
994
1016
934
968
853
891
930
873
932
874
871
894
840
823
828
771
708
693
678
657
671
703
739
812
779
721
761
841
850
855
858
885
861
949
998
933
947
1004
939
988
1020
891
891
869
802
889
977
942
1006
950
928
942
890
885
905
870
810
888
966
894
945
938
837
898
929
862
909
978
838
852
886
904
869
871
852
904
873
890
902
831
804
759
756
744
704
699
705
707
699
660
651
643
653
670
697
753
857
932
805
879
927
920
796
755
777
817
806
805
872
903
844
881
788
771
717
682
693
753
753
833
858
813
850
873
873
876
914
910
838
849
927
954
896
954
927
828
866
853
800
854
902
811
888
870
792
813
796
794
859
870
807
877
852
818
898
918
898
948
904
856
896
900
864
912
939
878
910
928
862
880
938
927
914
945
872
864
890
819
860
848
825
847
819
782
786
747
708
692
718
727
738
766
757
699
681
698
742
790
843
878
830
848
957
911
820
845
870
834
825
825
852
832
846
856
832
836
879
849
813
785
720
739
771
743
767
849
824
729
692
687
734
825
905
895
855
849
769
817
851
835
833
852
868
854
800
771
771
755
773
768
726
732
694
719
827
821
870
858
852
869
912
888
969
982
913
970
922
841
920
922
917
932
850
893
944
857
882
982
892
884
953
907
846
907
979
867
914
950
893
896
894
802
770
806
860
826
853
866
824
824
856
867
803
802
816
834
854
872
826
854
887
851
881
880
812
861
934
924
922
969
845
825
773
773
846
764
790
843
843
774
819
841
784
781
801
799
820
882
904
874
928
972
874
845
876
888
808
827
846
815
829
879
884
815
829
837
803
823
941
951
859
877
846
797
837
892
837
918
976
921
892
899
824
833
883
876
838
901
958
902
881
859
813
802
833
854
807
848
851
812
745
719
732
1017
880
825
801
734
693
672
660
676
649
679
729
771
736
728
761
758
763
777
781
816
791
818
825
754
819
854
847
858
782
740
728
699
696
746
733
740
719
698
699
695
679
657
643
674
684
699
687
688
676
670
681
741
848
897
879
803
819
859
925
987
981
854
868
912
843
856
870
843
854
787
740
709
684
686
681
688
695
674
669
691
719
704
719
725
717
734
708
702
706
680
668
668
702
754
898
802
756
841
886
813
782
819
841
786
800
843
806
778
812
836
804
824
806
806
842
862
823
857
849
788
754
744
763
846
863
817
875
917
872
780
771
801
739
771
798
782
798
805
837
856
765
734
763
813
760
788
854
797
744
793
846
788
771
795
827
798
815
876
896
846
916
914
823
855
884
806
776
770
787
758
805
822
747
788
839
828
773
773
785
733
695
709
764
797
761
740
777
786
703
679
678
685
678
675
709
765
763
784
848
868
852
876
844
755
733
758
800
868
879
869
764
786
858
849
907
889
771
762
792
827
772
852
917
894
937
938
884
900
889
848
890
923
839
869
788
724
729
820
935
959
919
881
865
752
788
856
864
871
912
942
911
865
929
979
897
913
962
954
956
926
909
885
818
787
807
824
799
863
863
840
831
842
774
785
794
739
756
808
812
762
812
833
777
807
870
865
764
754
756
731
756
856
801
848
909
843
853
877
856
824
861
864
821
852
874
845
886
960
939
953
990
896
867
879
788
719
715
740
799
916
932
831
754
767
801
726
690
682
671
674
708
772
773
696
678
694
718
743
716
727
767
752
711
732
740
733
715
678
692
719
725
799
838
767
763
787
747
691
692
712
706
719
825
907
908
931
878
861
884
845
854
901
854
816
849
842
782
813
839
814
838
858
829
798
791
805
792
727
699
670
671
739
735
847
893
811
801
838
805
741
758
778
748
834
887
897
837
841
799
735
767
766
768
762
720
729
718
688
658
645
688
853
944
912
894
930
901
800
805
799
807
895
938
946
885
878
829
816
828
883
994
839
727
717
928
978
984
962
946
932
961
939
892
856
770
783
945
1028
1008
880
818
834
798
813
833
830
761
789
828
899
874
937
992
918
956
968
865
910
946
820
845
811
775
875
832
842
852
795
811
826
758
786
809
752
784
800
770
729
746
785
763
802
855
846
918
970
865
896
949
861
895
938
903
953
949
871
909
883
810
852
900
853
895
938
846
864
889
781
777
838
828
849
931
869
867
824
771
789
846
849
845
915
984
911
916
898
830
819
842
798
803
832
810
802
865
919
871
871
915
883
838
801
792
782
788
752
748
751
789
827
782
749
780
768
780
718
729
775
822
742
726
728
772
816
803
749
785
828
807
729
730
737
701
674
661
729
782
728
797
839
842
757
767
786
792
755
800
851
823
838
901
823
824
858
812
791
831
817
796
876
846
815
871
837
783
816
881
830
782
806
799
749
839
904
848
851
861
826
805
857
753
733
745
784
705
694
698
679
656
638
673
812
855
913
888
759
753
827
994
961
989
983
965
935
912
915
882
872
876
864
855
838
829
852
899
938
868
889
896
906
847
887
914
885
882
916
918
871
873
834
824
889
919
871
904
904
839
890
909
830
843
857
845
873
913
877
877
925
892
842
894
864
790
805
863
888
857
930
958
854
839
837
830
773
802
883
828
836
846
813
820
849
819
819
854
879
813
839
850
784
781
768
763
770
863
900
835
861
870
791
775
782
779
783
819
842
810
822
822
731
718
732
728
706
690
706
736
729
712
729
759
752
717
743
771
766
792
812
777
764
798
821
789
794
820
800
803
867
841
836
863
830
777
785
741
703
688
664
670
712
696
774
871
862
846
896
896
828
839
834
773
752
821
896
835
874
893
838
845
865
814
817
850
818
797
873
888
831
878
910
813
812
839
787
750
807
883
838
848
867
825
853
923
864
866
870
831
821
860
820
775
802
856
824
774
793
775
747
773
766
723
712
702
692
682
708
734
733
730
734
745
738
713
726
769
721
679
686
676
663
700
707
732
813
853
775
786
828
872
809
803
833
885
816
836
845
856
833
871
871
789
793
825
813
775
835
865
833
857
879
803
810
842
829
784
815
829
767
783
833
787
765
844
886
801
803
836
835
785
813
837
810
865
880
837
882
902
847
838
863
784
840
879
897
839
857
809
844
914
923
830
832
802
770
837
919
903
854
878
906
859
860
904
902
819
830
858
860
839
874
863
806
832
873
868
833
844
828
752
771
786
751
771
811
789
748
693
702
810
801
843
888
824
798
837
851
795
844
926
875
822
901
964
892
950
990
921
913
906
780
747
787
854
792
852
927
880
832
854
858
807
803
846
810
817
867
880
830
867
898
840
863
910
892
880
888
831
820
841
825
771
790
832
815
827
873
866
820
851
833
805
856
914
866
899
956
882
843
870
842
846
912
896
900
875
790
796
729
684
660
662
723
835
758
846
942
918
864
898
866
809
841
876
825
833
884
895
837
895
926
854
876
914
828
840
874
818
853
879
826
778
860
839
805
864
854
785
785
819
784
737
790
815
772
814
881
889
830
860
900
850
824
906
933
853
904
913
822
829
844
766
733
797
845
782
800
820
782
752
783
707
711
764
730
782
845
811
751
801
858
839
777
824
861
825
852
888
841
836
875
921
854
908
944
886
848
883
927
883
933
960
901
922
952
891
899
876
809
822
881
844
899
929
852
868
872
818
813
858
872
807
833
880
898
813
795
817
833
790
811
844
828
802
834
856
799
806
826
880
802
794
826
815
730
708
685
688
777
788
726
781
857
794
766
783
781
768
823
842
797
782
831
872
815
847
914
929
857
896
888
830
802
848
829
794
830
803
729
696
681
738
752
717
761
801
772
759
815
854
816
841
902
893
840
884
923
850
876
915
845
830
884
911
824
849
938
984
861
863
890
853
869
937
892
910
960
939
871
933
934
787
760
912
1008
889
913
929
825
822
848
793
804
850
806
762
800
823
769
786
833
798
739
802
914
873
886
943
859
853
833
767
771
813
803
797
809
745
807
799
734
733
726
692
688
701
738
711
675
658
674
1115
989
834
732
735
780
833
892
943
914
923
904
885
883
874
888
880
872
843
790
779
797
843
860
899
933
892
855
850
814
790
810
798
760
773
810
778
754
823
784
733
766
794
742
756
778
747
716
763
782
755
729
750
771
767
751
787
760
709
705
675
676
688
670
707
799
856
831
913
910
905
911
849
895
968
927
927
994
909
778
790
867
869
784
852
909
905
908
948
880
819
827
864
890
960
930
818
838
854
808
847
848
790
820
844
819
835
839
839
813
858
867
815
799
841
829
794
832
817
765
723
695
746
864
749
771
823
819
824
859
870
841
878
887
852
871
842
767
786
849
859
880
952
929
867
912
882
777
770
815
778
787
843
793
799
856
858
813
814
850
846
934
969
891
938
930
825
844
870
844
825
885
917
846
856
890
848
844
877
860
825
857
891
854
876
899
853
817
853
879
805
789
815
803
829
852
819
787
807
796
774
807
846
759
781
833
770
780
775
730
709
714
706
683
658
656
673
811
815
787
776
797
786
739
714
711
731
757
761
697
712
824
896
890
849
885
942
966
947
926
969
968
934
965
938
942
962
867
854
868
809
844
889
834
887
915
853
887
900
842
886
872
823
883
912
891
930
894
859
873
845
892
888
836
868
865
820
834
801
795
859
863
801
823
806
752
806
841
790
829
869
830
863
880
841
874
926
876
894
910
863
889
887
836
872
898
855
905
935
884
916
964
869
867
867
836
879
938
892
908
934
854
850
866
820
854
894
813
809
819
801
828
894
894
861
901
902
802
799
826
802
788
877
891
839
880
881
822
873
898
829
884
934
867
912
931
860
860
882
865
938
990
880
875
909
855
856
896
876
863
887
878
805
766
755
723
704
767
790
732
825
899
875
836
826
867
843
824
854
849
790
826
864
817
788
877
917
810
794
808
794
767
803
883
921
832
859
962
932
926
1017
995
846
847
838
764
727
810
839
805
898
960
908
926
942
885
919
958
895
896
927
895
910
906
859
916
938
896
914
900
861
923
944
896
954
933
875
899
916
862
936
894
869
905
860
854
918
894
878
935
915
919
971
913
904
921
859
814
839
805
773
820
795
773
863
934
841
888
915
876
895
918
859
865
887
861
822
863
861
792
791
834
829
891
928
868
896
914
889
924
953
892
886
922
898
867
896
819
809
847
825
798
861
872
833
839
866
821
804
806
770
745
793
756
833
838
767
766
776
714
696
727
714
732
817
827
779
846
875
838
876
923
882
869
921
902
917
996
960
887
937
959
898
944
953
860
887
910
854
909
930
857
881
896
840
859
839
745
774
830
773
802
854
826
766
783
837
819
766
769
773
732
752
842
841
872
938
897
901
921
838
840
885
867
849
909
936
835
853
836
759
714
722
839
778
846
939
896
858
887
838
804
904
940
880
956
1025
884
925
1007
995
882
972
1005
868
930
976
855
886
954
896
917
947
870
901
937
867
940
1028
949
981
994
929
927
951
868
838
843
837
918
1022
881
896
949
923
838
860
893
902
985
991
899
898
814
804
805
801
784
736
701
754
796
762
795
828
802
729
703
706
722
767
800
770
747
735
751
784
806
799
756
810
866
927
928
838
769
779
813
820
836
865
909
903
939
957
870
914
932
864
874
906
828
834
878
839
844
862
854
806
874
878
858
884
883
833
856
915
916
940
922
801
773
839
799
771
813
809
731
723
726
713
698
670
653
636
622
608
624
715
848
814
792
770
696
694
724
695
760
856
817
836
896
819
819
881
817
849
963
872
875
900
816
826
782
717
710
771
749
744
857
848
782
797
877
852
826
900
879
823
874
912
846
898
875
791
857
899
867
916
917
857
876
896
840
919
938
866
900
899
830
849
833
788
840
876
835
893
884
813
808
760
751
704
697
730
737
858
873
791
879
919
845
873
890
814
809
817
794
828
909
868
830
871
870
852
901
888
838
872
888
826
856
864
828
873
883
862
927
925
850
893
892
842
896
871
813
871
878
829
871
883
841
894
889
810
823
828
775
837
910
838
867
860
793
796
804
776
812
812
788
813
832
775
796
837
772
795
861
833
808
878
862
835
854
816
807
839
826
822
879
858
800
880
912
842
810
861
811
880
917
875
874
925
883
797
814
865
789
797
861
857
800
849
894
858
859
870
792
786
726
686
682
725
810
788
813
870
849
820
871
830
790
841
924
859
766
844
928
828
823
906
894
814
894
928
854
879
909
807
832
924
930
887
941
951
868
894
917
877
914
945
890
919
914
844
878
923
837
862
935
906
924
944
863
865
898
849
903
908
852
854
902
865
800
823
886
848
878
941
922
857
898
919
911
970
1039
966
855
877
887
819
887
946
872
899
906
828
816
822
772
807
803
774
843
900
842
830
889
874
841
881
843
804
815
766
719
709
685
703
828
784
833
887
826
830
858
833
814
902
927
812
834
881
817
841
937
896
896
925
856
835
914
880
820
873
883
843
902
911
850
892
893
837
813
860
816
762
832
863
815
822
889
875
831
866
868
823
857
884
829
835
907
814
746
748
759
727
718
766
801
761
770
824
855
770
766
780
789
711
682
703
840
966
977
897
803
755
707
678
653
632
624
646
627
611
616
672
759
793
782
729
729
715
676
676
726
725
775
866
813
802
745
700
720
714
753
883
911
861
904
902
829
871
860
820
856
927
871
908
977
927
887
846
808
839
871
817
799
876
828
769
785
789
772
775
851
871
839
843
833
778
802
816
773
795
858
843
847
875
859
832
836
840
862
904
820
853
760
757
751
766
879
938
848
939
946
885
927
932
865
858
848
778
756
825
876
787
865
959
916
922
934
884
835
833
883
839
875
888
808
825
843
811
789
829
824
784
817
742
697
692
727
763
752
810
852
827
845
875
819
798
861
857
835
873
808
801
825
782
833
877
823
816
831
823
778
831
915
880
893
915
864
867
881
861
819
899
935
862
883
888
829
871
885
802
792
808
782
753
830
947
874
869
854
781
789
847
762
704
688
713
773
729
711
769
796
811
812
774
712
678
667
681
755
832
884
871
853
888
885
896
819
847
858
806
750
784
845
805
766
791
776
725
700
679
665
694
744
708
669
668
698
733
713
691
712
767
811
811
842
882
786
776
831
842
790
823
931
883
889
905
845
816
849
866
807
824
866
831
832
855
856
861
878
827
819
832
838
841
902
854
820
862
874
847
875
905
890
881
863
821
817
872
844
887
942
884
814
850
868
818
807
840
813
795
854
896
841
861
868
781
768
771
771
764
829
904
872
910
913
843
856
871
834
875
852
781
808
847
780
832
863
803
820
850
760
723
729
735
725
774
773
746
753
771
748
752
764
734
740
785
791
749
718
716
709
692
673
680
705
717
688
678
691
798
896
883
841
819
808
888
948
918
917
926
885
900
938
897
857
849
790
820
841
798
802
845
826
787
813
851
817
843
899
861
796
836
827
803
854
903
819
777
861
915
912
921
937
877
871
897
857
878
951
913
919
925
847
809
810
839
797
820
887
839
821
858
844
775
805
839
796
838
941
936
841
872
855
771
773
784
726
700
756
840
844
808
873
876
843
852
881
896
899
940
917
853
838
792
738
798
843
786
783
821
785
746
802
827
812
826
846
804
786
837
892
867
894
878
819
823
865
813
793
869
867
835
883
892
831
822
804
774
787
806
772
784
839
829
777
809
814
799
771
799
814
828
835
889
837
845
810
748
772
837
813
808
862
837
745
772
789
740
727
774
760
730
746
744
688
687
673
648
642
631
621
631
846
881
855
825
822
812
839
905
987
963
921
956
946
960
935
932
920
923
892
913
991
1012
939
902
982
1018
922
989
1006
929
963
975
855
894
946
985
1008
934
799
757
731
704
687
675
665
656
649
646
649
714
804
813
730
729
759
753
695
711
823
1011
930
771
736
798
813
855
1024
1080
888
896
898
795
726
719
708
698
694
715
721
696
677
658
644
629
618
619
673
727
714
676
715
699
671
670
696
792
913
845
726
689
670
688
774
965
1006
982
848
858
1063
1080
930
974
1001
1033
885
962
993
870
898
982
970
849
900
936
833
757
751
732
742
814
868
917
982
919
864
898
821
733
708
684
657
650
660
648
667
747
830
792
749
850
854
759
758
864
889
801
791
842
818
767
796
980
1024
920
943
928
836
837
869
877
866
937
963
837
868
939
887
865
948
986
905
962
961
844
833
873
868
883
939
785
747
720
729
726
782
814
760
715
729
784
814
775
849
937
983
947
967
897
864
915
979
869
836
865
895
834
848
816
761
842
808
844
875
849
819
814
750
764
828
857
792
846
905
930
872
920
985
917
860
901
898
849
822
882
975
886
891
939
907
873
923
912
775
789
884
888
831
866
851
766
806
815
740
733
807
824
764
778
805
731
688
688
688
697
763
740
1397
682
1367
654
657
657
676
667
657
636
632
618
610
604
604
603
621
604
644
703
716
828
886
829
877
876
802
788
800
744
770
910
875
852
906
823
807
814
754
747
755
734
749
834
848
808
867
944
867
842
867
850
941
973
921
992
904
932
954
891
973
979
875
916
912
896
942
870
902
932
862
942
994
925
982
930
904
947
898
903
957
854
863
909
840
934
943
826
842
814
743
771
905
852
962
1018
922
905
869
818
875
932
859
898
918
814
766
764
797
771
807
764
758
898
835
904
944
856
854
875
785
753
823
904
855
948
983
884
920
931
877
922
905
864
930
966
883
940
944
855
924
914
851
911
893
756
716
683
680
706
689
672
706
758
753
743
783
866
841
816
854
877
803
763
762
859
895
810
849
898
866
851
826
756
731
752
742
751
728
745
805
851
880
861
861
771
708
710
736
737
705
714
866
843
800
858
923
909
869
889
936
908
810
809
836
833
817
840
818
797
843
897
912
865
889
923
841
792
862
950
998
913
921
979
901
790
751
809
895
838
853
1002
1006
932
1009
1002
919
895
927
915
897
930
936
905
950
956
886
943
1056
984
960
1016
913
924
1007
969
856
856
885
850
863
914
856
821
888
908
827
841
868
843
820
845
817
771
804
879
874
849
911
938
860
860
858
836
823
882
874
842
888
923
869
850
876
867
825
863
921
875
834
856
833
861
932
898
813
864
901
853
846
831
790
785
783
809
1003
891
832
804
786
744
708
680
656
638
635
685
681
653
656
721
839
768
711
786
912
869
763
867
907
821
832
861
874
823
866
899
841
813
854
864
780
785
829
790
742
822
854
768
707
688
725
882
918
970
993
979
966
967
995
921
915
927
906
908
928
857
829
867
895
933
983
926
865
865
790
773
766
717
690
671
660
684
670
701
765
755
694
698
693
672
665
701
751
799
792
813
795
734
719
716
689
677
707
841
945
913
930
919
833
787
743
698
691
722
675
690
793
803
852
802
722
715
738
758
800
803
757
753
775
749
753
811
874
803
818
772
699
704
788
818
815
782
742
751
734
724
712
706
728
755
756
771
789
799
747
704
721
720
716
731
717
703
764
774
741
753
768
742
731
736
719
703
713
704
705
738
770
775
775
827
888
844
825
845
852
828
846
863
812
812
795
754
745
810
831
788
755
746
769
828
794
777
831
882
825
852
848
838
775
715
723
712
669
664
659
633
632
644
651
667
709
730
718
710
754
795
769
775
760
706
689
710
712
660
649
622
612
645
706
682
646
665
712
722
688
677
692
658
631
635
668
683
669
666
703
736
746
729
737
749
722
670
677
710
740
723
768
877
793
772
1600
773
688
683
712
788
846
812
813
790
768
632
267
528
688
672
648
626
603
599
611
632
659
673
699
727
718
728
729
733
713
771
802
781
813
886
903
862
772
788
842
798
729
727
739
816
722
723
770
748
737
741
751
695
701
751
764
772
747
734
765
740
697
702
724
705
831
833
736
705
720
926
938
972
973
967
900
792
791
892
981
1021
975
952
944
866
853
861
859
836
837
871
854
837
871
811
805
824
761
714
703
704
670
677
688
678
666
716
782
801
797
824
845
820
874
956
932
879
923
950
898
914
943
868
848
868
818
826
866
875
818
843
848
793
774
794
782
741
737
776
768
771
863
877
891
864
902
932
920
881
933
962
882
901
938
860
883
849
754
790
905
864
846
895
872
863
919
880
858
961
982
957
1018
979
973
997
1007
979
1002
1003
967
1006
1008
932
982
963
903
997
1047
928
945
959
931
980
1024
957
987
970
888
918
975
863
851
889
852
882
902
791
866
923
872
917
921
854
879
900
917
895
976
1009
954
972
998
943
970
1001
939
938
968
911
911
924
876
875
904
885
837
838
783
828
935
828
735
749
777
737
722
703
687
688
737
762
855
881
843
828
819
873
904
956
959
913
938
998
950
911
978
891
967
1089
928
931
902
904
797
838
931
899
910
967
934
830
872
928
872
909
990
1010
948
996
981
922
962
1004
875
865
879
803
856
963
953
887
913
898
821
836
865
832
825
886
881
817
833
853
830
810
902
963
917
911
911
841
759
727
813
857
894
913
897
957
933
945
877
916
983
912
928
879
890
977
981
995
905
880
795
733
722
752
802
759
728
769
801
756
781
821
799
854
919
925
970
990
905
889
927
914
835
897
928
885
868
909
874
888
916
873
835
822
761
692
690
701
790
776
762
728
697
679
669
665
643
638
680
719
706
695
707
681
669
647
649
663
685
661
709
808
858
759
849
872
871
855
927
937
857
919
971
894
890
934
905
875
894
931
880
897
871
829
813
793
743
737
772
743
763
728
707
725
786
795
761
771
787
723
740
781
796
803
829
841
801
722
740
829
841
917
968
970
996
917
859
927
1032
924
939
936
854
900
896
842
895
913
841
884
938
858
828
846
847
774
840
958
925
880
946
953
857
860
894
913
883
955
1015
928
899
924
922
801
746
706
733
883
784
803
872
864
772
820
877
855
885
913
903
922
966
907
942
1048
1032
942
1045
994
858
925
1056
943
953
1128
1040
878
943
973
855
868
942
985
856
851
861
775
791
854
880
796
732
722
744
734
712
788
885
904
846
892
881
790
799
868
786
801
881
829
853
881
850
917
913
877
923
908
791
803
846
801
813
836
779
808
818
751
764
772
781
787
741
750
754
736
759
785
775
756
727
707
690
671
688
741
763
865
871
848
857
830
789
822
854
765
748
855
1021
956
885
955
976
880
874
889
825
843
905
994
917
924
986
932
894
915
961
892
917
907
802
852
966
881
827
847
790
831
925
871
796
823
860
798
891
903
842
848
826
783
838
779
761
805
881
877
833
856