755
776
782
804
757
751
765
784
768
713
678
636
626
682
767
816
914
853
864
773
744
688
684
681
722
817
863
872
866
854
813
752
747
728
755
745
756
813
791
772
741
719
721
745
789
779
722
713
688
697
708
683
679
682
736
803
805
802
746
755
776
810
816
817
772
750
721
685
672
654
666
689
742
815
1046
856
882
852
788
839
850
928
835
822
804
747
746
734
751
746
762
766
797
796
810
810
791
755
737
720
725
780
806
820
755
699
680
650
651
651
682
687
681
704
750
783
777
725
705
674
663
666
683
702
713
727
810
804
771
832
785
757
764
742
734
741
761
781
835
782
751
756
791
751
757
750
768
747
745
731
706
694
684
699
676
688
697
727
738
781
815
784
775
769
734
725
706
692
674
669
654
658
652
689
740
849
783
764
760
739
691
687
670
676
682
696
717
764
740
703
702
695
694
697
707
716
710
744
776
762
719
724
728
735
706
724
785
803
788
775
747
717
705
675
675
676
731
769
838
886
879
889
778
726
694
669
648
676
700
774
756
732
730
726
695
662
667
716
858
814
778
813
799
738
746
727
726
722
724
729
702
693
709
729
729
698
685
683
661
647
643
635
647
651
651
702
804
966
871
790
838
822
799
766
749
707
688
679
718
789
796
818
800
731
728
730
782
855
842
781
822
873
880
854
825
789
786
789
731
740
715
762
860
917
812
860
892
893
846
755
735
729
742
771
831
781
740
760
773
838
804
809
776
873
860
836
886
860
802
743
748
757
864
789
765
749
729
702
700
722
810
762
812
859
853
829
764
770
744
710
707
699
693
673
693
670
687
677
710
741
756
787
814
797
798
804
803
752
754
747
731
720
712
701
703
687
650
632
632
670
1045
832
818
863
759
736
879
888
771
702
734
789
844
785
722
723
719
729
755
772
771
724
752
774
914
771
812
871
896
811
851
919
900
773
755
724
765
797
965
906
824
859
849
847
1032
898
892
814
844
818
816
795
787
822
794
742
737
771
814
951
871
921
844
790
811
775
745
748
732
701
706
750
833
857
915
767
762
768
768
767
782
785
812
795
806
754
762
733
727
726
788
817
829
1054
892
811
772
771
783
727
714
706
701
729
706
716
724
717
693
686
666
644
641
637
642
653
752
871
867
772
825
852
793
723
760
739
732
764
758
721
721
723
767
750
803
811
787
750
701
687
661
683
704
723
772
1092
979
913
896
865
805
847
840
798
738
770
780
767
720
742
813
874
882
784
800
794
801
737
734
725
734
942
843
914
923
839
802
810
837
843
799
771
710
672
645
641
650
687
755
871
839
823
731
723
699
685
662
651
648
664
665
682
690
688
698
713
687
692
703
759
793
750
792
786
823
799
773
772
729
771
801
840
795
731
722
714
739
714
759
805
920
864
803
823
835
832
759
736
743
834
780
765
811
833
848
818
823
802
782
733
735
713
694
691
703
728
740
721
739
771
767
725
692
668
681
683
702
725
743
721
682
677
667
683
681
726
775
871
885
859
805
776
787
819
843
891
874
812
795
792
783
803
786
727
743
774
862
855
790
804
817
782
773
771
769
733
760
752
772
767
812
860
764
784
784
789
791
835
798
780
784
779
744
728
741
800
833
807
767
777
733
704
729
749
827
794
770
743
706
687
640
652
718
715
724
746
824
851
790
803
841
772
725
709
706
730
715
750
767
824
785
765
720
731
753
709
748
841
1005
903
859
890
837
783
765
762
773
729
711
737
806
880
819
859
811
772
786
804
778
742
752
761
773
772
739
792
889
846
762
758
733
722
744
803
839
796
847
854
790
788
786
792
770
738
720
719
766
776
762
729
696
678
682
719
824
791
804
852
817
817
760
779
767
749
774
780
771
731
738
733
777
736
815
787
897
836
818
796
788
766
714
724
735
759
737
749
772
766
754
834
793
744
764
783
804
857
807
746
732
724
766
826
882
813
814
822
834
752
773
765
756
742
729
696
683
707
834
847
814
854
913
868
816
756
747
731
765
776
730
767
738
697
852
799
892
820
805
775
726
700
666
696
747
897
800
908
889
819
828
814
769
831
891
819
744
734
702
680
655
641
634
634
627
635
640
656
650
629
633
638
689
733
788
829
833
763
739
754
748
736
710
668
677
660
690
747
742
874
924
916
923
918
892
869
877
888
840
807
787
749
704
704
756
930
911
920
886
842
795
784
747
791
828
823
881
1012
1026
985
909
767
738
764
815
827
737
756
793
824
824
775
767
761
808
845
855
779
834
821
860
813
813
791
742
785
813
840
800
746
754
791
809
801
711
705
781
732
698
665
713
835
948
997
929
891
821
738
712
698
729
811
812
796
818
793
818
784
709
757
902
866
784
774
780
789
806
767
786
788
807
843
850
818
790
729
727
746
836
851
920
798
797
809
825
853
818
764
774
779
811
768
820
818
866
839
783
772
746
755
752
777
810
797
790
776
713
717
690
756
823
926
871
790
790
822
801
784
783
758
705
691
681
691
688
691
685
672
681
705
765
807
859
921
905
796
811
789
757
775
800
786
767
796
903
894
879
836
813
785
732
756
749
752
745
809
886
851
801
797
785
746
725
759
765
768
737
758
764
721
763
771
800
737
747
710
700
662
669
665
672
664
662
674
755
846
795
797
780
764
744
728
733
719
698
702
699
729
728
695
684
646
632
633
637
652
687
766
702
737
814
971
940
854
839
800
736
758
779
827
862
891
900
877
829
745
716
748
821
905
909
874
860
827
748
738
762
828
862
853
783
779
786
803
774
725
724
764
1065
950
839
928
873
790
796
807
822
786
771
774
807
738
738
699
703
733
761
789
781
919
988
995
901
902
819
767
790
804
821
817
771
731
692
676
688
688
718
794
993
990
866
974
1043
1085
964
909
871
890
819
811
859
892
862
756
756
757
763
742
726
707
698
687
676
703
732
766
786
822
898
941
808
849
816
788
740
723
725
699
729
874
844
912
864
854
896
867
858
824
818
745
744
731
759
717
763
775
744
700
704
712
693
683
715
739
722
695
698
705
714
715
701
705
719
729
692
688
727
791
897
931
877
819
844
825
798
803
788
785
751
788
821
805
784
789
781
738
716
737
788
835
811
883
933
922
854
816
781
730
725
766
948
909
922
820
910
935
859
799
809
771
734
707
720
752
742
729
763
774
833
827
800
750
766
784
777
739
716
725
744
755
840
877
981
919
848
764
800
832
873
798
774
792
854
926
871
783
797
844
858
867
820
766
716
676
682
722
792
736
1138
1041
974
946
860
775
763
798
807
810
795
781
759
752
716
748
860
944
942
972
834
861
857
831
821
771
739
734
736
780
760
708
759
799
751
777
773
780
781
721
717
707
709
739
711
722
749
797
888
896
913
843
858
844
796
719
695
694
751
802
793
806
836
813
798
764
773
732
744
755
771
750
730
721
745
767
778
793
751
762
781
832
822
779
766
753
711
744
838
960
963
929
786
810
791
836
822
827
831
770
711
706
742
793
872
790
875
874
897
891
799
795
734
731
698
717
701
647
688
826
829
789
812
876
872
806
775
766
723
680
655
634
632
687
770
870
893
819
912
891
813
808
823
908
837
972
1002
926
810
800
880
884
806
836
882
834
813
787
782
740
753
729
750
716
707
710
755
766
744
733
700
698
688
723
766
827
895
872
866
776
777
748
757
744
698
670
679
714
684
681
721
843
879
806
772
793
869
870
806
813
795
766
751
740
737
747
829
879
885
872
801
813
826
812
825
808
794
791
779
749
743
742
702
711
729
772
816
822
801
846
848
859
837
786
811
829
824
740
746
758
774
776
763
746
704
715
746
829
816
806
793
810
803
746
774
815
810
799
759
744
777
1008
965
979
932
839
793
796
855
929
939
991
970
928
854
869
891
884
863
800
765
730
684
768
877
944
861
824
837
848
790
754
727
720
729
709
744
766
807
814
771
785
816
832
778
844
859
836
780
778
812
841
826
820
819
810
809
758
753
776
769
781
722
728
755
815
852
786
799
802
808
781
731
745
735
709
787
950
920
938
853
808
852
835
826
861
818
792
843
825
853
764
780
754
785
745
756
727
710
676
672
682
673
651
674
752
729
790
895
952
854
765
751
775
846
919
896
935
968
950
874
845
816
860
892
952
916
864
942
912
902
825
888
1015
925
803
819
809
801
800
789
747
762
800
832
844
792
755
788
812
889
848
821
860
862
788
870
954
932
896
790
780
803
858
896
862
854
928
897
813
833
891
893
811
853
905
851
794
787
781
724
739
779
854
867
849
885
859
831
803
815
817
788
817
842
923
816
833
865
889
878
805
799
805
825
795
734
737
742
769
730
742
777
767
692
714
752
808
782
738
745
745
757
715
713
703
742
745
727
770
829
987
918
825
898
863
791
841
825
794
818
847
939
879
813
872
835
773
820
814
817
786
779
799
783
726
732
759
798
809
767
746
743
749
748
719
743
764
785
757
732
759
805
799
807
834
820
779
745
714
707
734
744
794
795
812
850
821
753
780
817
877
855
820
831
798
739
754
793
817
761
772
782
784
825
895
886
858
849
855
757
732
731
809
886
893
782
815
811
798
756
714
700
720
730
719
689
694
754
812
837
823
817
805
765
754
782
810
801
739
695
670
708
779
751
738
858
827
804
740
738
716
696
695
705
702
713
730
743
756
724
756
815
868
869
845
820
768
723
733
760
773
782
791
785
807
814
756
775
812
856
861
830
771
742
705
678
684
702
814
1000
950
921
909
930
865
771
766
756
740
718
713
724
742
740
730
717
714
729
737
784
826
765
757
776
799
818
788
864
942
851
787
759
777
833
781
823
836
883
832
853
900
882
822
750
750
710
707
674
678
696
754
817
852
796
804
808
807
733
743
757
803
830
848
866
806
762
734
689
668
720
772
778
785
800
792
757
770
799
797
752
746
753
767
746
752
797
847
882
874
791
781
794
807
828
844
813
813
813
836
771
820
842
841
820
854
815
767
781
803
794
801
747
738
735
723
697
682
677
689
711
687
738
785
924
825
819
819
872
814
877
891
878
867
850
811
814
785
744
739
769
908
896
926
896
898
797
721
713
741
814
863
857
886
797
854
816
782
784
811
842
838
782
827
831
851
847
843
881
880
802
864
825
831
743
762
765
942
927
919
807
761
796
743
758
776
769
754
702
702
691
688
673
654
650
659
717
879
905
958
918
855
832
796
766
805
835
902
946
953
940
900
850
790
795
829
855
874
879
829
776
764
822
886
854
825
875
1007
980
958
909
862
801
798
814
800
807
853
917
930
895
923
854
788
737
732
763
757
813
811
855
844
941
945
868
840
843
819
776
709
707
706
728
769
885
952
1047
933
1028
1063
1019
916
867
833
839
768
781
813
805
735
739
697
772
838
886
849
740
724
689
697
694
696
729
758
810
811
806
760
739
760
844
897
915
957
882
846
892
961
998
871
817
815
861
849
790
832
857
932
879
857
843
781
809
829
845
834
752
756
769
827
855
891
975
921
804
813
810
830
776
809
913
984
954
896
903
884
819
821
847
923
935
858
860
865
777
822
1010
1061
937
856
823
807
726
734
829
867
770
811
831
786
745
777
788
825
811
797
814
786
771
813
860
864
877
824
887
894
885
905
844
766
765
772
796
786
753
753
712
737
775
800
813
779
778
728
749
777
795
748
735
691
716
796
818
745
768
785
906
885
896
794
811
890
929
925
802
763
788
876
920
823
842
841
757
782
749
730
721
689
683
678
682
682
674
679
723
796
875
816
883
931
935
896
841
827
822
833
770
781
876
934
903
858
839
828
769
787
897
844
775
796
820
897
838
779
797
819
827
850
834
771
796
871
909
865
836
838
888
863
813
858
873
833
798
777
776
806
786
742
726
747
819
834
788
770
834
884
924
873
826
813
833
813
830
814
771
791
845
806
818
898
940
1039
929
806
778
792
896
925
947
906
827
816
813
873
796
773
907
814
748
736
757
781
780
761
778
862
930
951
924
952
976
1000
880
902
928
874
867
946
901
899
933
938
875
761
751
848
948
826
826
848
827
805
772
743
719
727
682
680
661
672
702
720
700
694
696
666
660
653
634
648
721
867
875
924
934
861
815
857
908
953
957
911
846
849
854
895
898
896
908
879
819
839
892
868
811
820
839
808
866
848
849
814
864
935
842
879
893
905
923
984
959
948
850
798
831
894
885
772
812
858
874
767
755
751
781
810
763
777
783
819
763
839
852
922
863
871
896
926
840
779
768
1183
900
956
969
868
771
790
882
914
865
935
943
866
815
793
823
826
805
853
816
816
822
893
883
815
802
783
773
783
931
919
974
906
892
851
817
825
867
960
955
851
814
815
795
855
863
871
774
810
805
772
825
782
787
738
706
707
729
879
938
863
866
801
784
817
788
765
839
904
908
856
833
755
698
652
657
670
746
735
816
857
850
835
842
822
815
750
720
717
763
843
908
895
889
867
865
804
785
830
904
935
954
848
799
802
825
853
861
855
793
802
802
892
829
849
882
887
899
854
826
764
717
742
731
755
785
825
842
848
844
894
955
972
922
920
937
963
922
938
929
899
834
870
943
910
878
827
791
849
782
809
779
771
764
723
731
723
755
713
708
687
795
957
1066
1109
1113
1126
1052
937
907
952
820
848
879
847
852
903
887
828
755
684
662
644
625
602
604
601
611
639
662
664
646
644
664
650
665
663
662
660
683
724
878
904
909
939
808
799
825
824
839
838
854
849
769
724
810
811
785
830
844
836
861
835
811
813
800
783
795
751
723
735
749
772
807
777
767
752
736
733
719
669
671
682
730
779
738
705
711
717
736
741
726
775
815
898
865
883
861
785
821
869
860
766
713
696
704
739
760
773
786
762
758
767
766
752
738
729
743
752
808
792
796
786
765
779
825
805
798
756
774
779
748
765
731
782
738
720
686
740
840
861
903
824
794
832
898
874
828
762
748
901
742
754
738
723
709
714
759
818
839
783
846
879
938
940
868
761
748
708
692
726
729
713
711
688
690
674
656
654
654
662
666
707
715
724
719
692
718
725
737
689
660
641
635
637
657
720
802
820
805
756
810
894
787
786
799
776
846
886
848
850
958
1049
957
882
855
877
845
789
785
1058
807
824
917
946
846
882
871
880
862
913
971
933
898
985
1113
1128
953
932
868
819
884
1077
1056
949
972
921
813
875
960
1044
861
895
931
894
825
872
861
875
824
857
877
904
941
1183
984
938
820
811
825
805
728
739
763
809
769
825
874
852
853
813
844
811
817
737
738
741
745
820
909
864
848
876
863
814
819
786
756
747
766
767
735
705
744
822
960
1021
862
768
731
703
700
769
865
823
785
707
713
673
667
653
641
647
630
641
659
715
666
774
861
782
853
895
914
833
820
766
728
727
753
927
944
947
870
784
813
858
941
979
938
911
847
843
835
863
828
825
827
806
782
775
786
836
829
826
755
722
660
666
699
830
856
900
844
799
820
823
822
735
737
713
675
741
736
713
675
667
685
767
771
800
752
709
699
700
702
754
749
844
859
906
786
823
838
813
800
775
782
781
773
724
704
674
677
666
689
694
720
744
728
753
825
836
773
759
718
688
669
673
705
707
716
680
679
698
707
749
711
734
715
695
679
671
686
687
731
749
744
712
741
788
847
797
772
712
691
681
697
724
752
754
740
743
769
738
716
750
821
838
813
753
841
850
854
795
962
972
856
854
813
779
740
749
811
922
861
836
787
798
742
723
735
770
899
898
943
1015
979
900
910
978
964
847
829
885
846
833
922
962
960
955
801
795
762
805
791
836
865
847
879
824
804
745
708
729
672
709
765
770
729
727
715
724
725
704
728
720
749
731
838
897
915
1068
1045
991
1009
951
842
849
850
843
869
828
769
767
793
750
751
728
740
780
932
916
870
887
905
861
792
801
806
812
787
729
745
745
775
750
834
864
789
771
746
813
887
871
937
971
928
836
817
798
768
813
766
738
809
771
785
712
718
687
696
658
649
638
668
706
801
817
781
838
776
735
748
862
814
797
743
757
752
798
859
878
811
757
818
777
808
952
1078
955
817
823
843
802
722
721
705
716
715
721
742
754
709
664
639
662
711
853
820
857
846
836
800
790
793
810
844
879
790
787
863
914
849
778
765
760
720
1149
1010
935
893
875
866
808
836
892
889
940
923
946
877
793
802
863
896
881
915
903
852
839
798
766
812
896
956
908
846
834
803
763
731
783
864
936
999
943
1010
968
855
798
796
855
790
802
781
810
815
781
747
756
773
816
761
769
781
849
802
791
782
824
771
805
822
764
771
728
702
743
715
770
834
882
914
819
779
789
784
788
752
746
721
713
733
725
762
871
896
848
887
917
857
893
858
803
792
749
726
735
704
711
893
758
736
714
762
820
795
782
745
745
735
741
764
809
922
894
872
881
885
913
903
850
954
964
912
872
907
906
940
901
896
909
891
834
900
922
987
882
935
967
908
836
837
841
858
879
941
909
851
866
854
818
848
796
731
688
675
675
727
815
845
886
818
878
885
822
734
750
744
763
769
706
673
643
655
733
851
895
939
883
814
739
731
815
830
830
779
775
838
854
889
779
804
817
932
889
853
797
800
820
772
735
737
680
651
645
699
813
862
858
854
797
780
812
788
710
710
701
726
705
741
751
786
814
800
820
810
855
849
938
911
872
895
877
785
821
898
941
935
827
860
825
816
912
873
827
780
787
847
866
947
867
784
738
730
713
694
687
675
697
738
825
843
780
729
717
729
752
734
747
853
816
832
818
856
988
826
865
844
802
837
887
849
796
838
894
884
940
787
800
775
761
758
770
761
711
652
659
688
781
816
852
789
855
957
931
896
857
838
794
869
1131
1046
1042
930
829
783
895
929
991
1163
1074
944
936
910
822
828
817
820
791
799
812
776
848
936
797
834
780
770
788
816
873
776
827
981
967
932
879
779
765
820
933
967
937
945
880
863
851
785
855
925
933
889
869
942
956
927
867
765
761
751
799
789
854
849
779
773
770
767
835
851
850
862
855
803
846
874
909
830
763
762
789
797
818
828
760
855
852
914
890
848
804
797
758
796
775
774
804
865
949
843
862
865
840
747
694
707
742
839
785
815
723
705
692
690
689
686
670
637
628
640
665
747
925
885
978
986
1049
1105
1026
916
789
820
927
1028
967
864
844
792
762
795
828
817
823
731
711
720
763
860
817
783
794
822
785
739
723
710
728
767
762
921
1014
989
934
901
842
838
876
770
713
744
925
1045
991
930
807
804
876
972
938
938
915
879
889
976
985
915
842
896
978
988
898
781
778
869
883
941
897
820
854
925
983
995
980
896
822
830
805
775
960
901
893
793
814
820
878
847
855
829
834
759
761
769
842
802
825
765
750
758
766
731
735
708
739
738
753
753
870
918
928
874
793
768
778
840
808
860
821
737
750
776
857
873
865
911
851
756
782
897
825
770
695
755
998
842
925
1000
913
809
798
781
795
756
738
738
711
699
660
644
646
692
702
703
832
914
921
937
922
798
781
808
918
888
933
828
913
902
859
956
974
932
879
840
824
808
867
861
776
828
1025
947
875
844
846
854
811
901
929
949
869
771
763
809
902
860
778
790
865
941
938
928
911
856
810
779
802
807
800
748
802
909
948
840
751
901
894
852
757
727
703
773
899
1001
939
854
915
936
896
909
919
875
822
807
776
784
755
787
887
877
770
784
832
1054
970
965
966
997
890
879
952
938
885
932
1005
892
878
862
813
862
978
970
896
869
802
767
730
713
715
718
751
757
853
983
903
821
817
847
850
813
778
754
752
809
912
860
879
846
813
814
788
776
720
729
741
821
882
887
911
794
844
793
758
798
811
771
730
723
722
719
684
703
696
715
684
696
688
674
689
699
721
769
713
690
695
666
647
662
663
702
810
823
771
698
797
918
918
829
897
859
823
747
753
763
763
752
713
733
939
955
896
956
1019
992
901
882
862
825
732
707
743
900
834
925
912
822
819
885
893
896
968
992
989
947
910
829
894
908
775
771
903
928
938
815
853
843
867
825
801
768
766
990
942
1008
989
998
881
774
757
799
747
717
907
1161
1080
960
964
910
830
820
996
1025
935
830
894
936
876
817
855
1013
960
875
790
834
938
976
1030
887
957
979
876
854
857
813
866
845
776
809
933
1009
967
974
958
888
802
813
832
857
832
751
743
760
802
809
776
799
817
888
794
811
930
1048
943
903
861
805
808
771
747
713
718
769
947
871
908
893
898
922
906
896
858
856
813
808
787
819
813
732
824
776
922
879
936
872
879
834
807
832
823
875
893
834
758
764
805
808
781
775
761
929
1056
904
1013
1129
1123
972
991
960
907
806
816
873
885
833
863
989
875
892
913
836
953
1075
881
889
910
875
819
938
979
927
965
1113
1074
863
816
843
935
946
942
878
819
805
793
761
789
1051
947
998
906
819
847
937
966
890
955
992
936
829
799
771
727
703
901
876
894
859
864
789
854
911
1059
876
1012
1101
1090
977
861
934
854
872
823
744
719
748
898
853
772
806
812
859
890
889
774
802
784
782
704
710
765
939
914
825
882
936
888
811
769
719
698
700
734
729
729
683
678
666
659
632
614
598
597
692
1167
881
973
1037
1114
985
878
800
853
897
916
867
1080
1136
1102
1011
1031
931
886
970
979
979
908
849
832
867
769
886
955
896
935
862
1008
1126
1152
989
888
846
930
804
919
1122
979
958
1025
934
1004
844
838
982
1177
1123
932
950
936
845
926
994
1046
1041
980
864
794
861
983
968
1023
1079
923
928
900
862
890
934
886
854
999
1082
1016
951
854
834
811
861
872
866
1010
1086
1050
864
845
905
900
897
832
882
923
1016
955
824
854
879
881
835
997
1124
973
803
788
788
776
864
986
897
826
818
831
842
864
877
834
824
902
975
927
863
836
820
787
844
907
871
834
801
749
729
746
809
874
803
811
846
838
852
953
854
762
789
753
768
743
736
723
768
914
846
799
775
824
851
870
951
979
1023
896
776
729
737
804
852
910
1019
966
963
880
907
937
938
960
971
833
829
884
965
956
951
940
812
775
744
739
764
847
992
1025
910
1029
967
857
814
803
780
796
788
717
701
676
680
711
727
754
765
744
775
821
966
978
1001
926
850
786
804
920
997
903
877
954
964
956
880
913
942
938
970
854
834
817
795
752
744
755
823
867
770
713
689
692
698
704
688
649
636
619
613
612
615
631
698
764
962
965
1033
1094
1046
1077
1148
1115
858
814
825
1016
836
980
1154
1004
928
1058
1051
929
983
985
894
858
805
804
794
793
751
732
713
665
686
720
783
1004
904
926
1067
875
846
894
836
893
901
906
886
858
830
757
768
802
878
810
885
1007
1041
957
935
850
852
891
901
821
879
933
939
950
945
929
994
945
884
824
800
858
896
986
1009
1034
918
938
1056
919
837
918
1261
1046
924
948
967
897
877
887
925
843
833
805
825
864
888
798
778
829
954
932
907
816
812
847
822
989
1196
1146
1027
824
874
790
766
756
795
744
783
892
963
810
750
831
803
815
897
889
775
757
755
747
706
712
747
954
850
810
775
748
804
969
926
944
997
997
915
878
918
942
907
826
752
729
777
954
852
777
735
718
737
854
982
952
871
923
971
915
890
765
711
707
746
762
926
882
833
857
909
791
755
781
856
949
1047
1017
971
886
784
750
792
974
970
911
914
822
791
779
866
1011
960
846
938
963
992
936
926
912
901
790
736
714
680
699
711
699
660
644
621
617
605
612
633
644
646
684
728
788
793
733
748
904
907
974
932
818
796
872
886
909
880
911
892
816
821
796
750
779
915
1015
1035
987
895
813
785
769
776
823
946
856
803
903
1097
1066
1068
977
803
765
874
1017
936
817
844
945
913
837
747
716
714
722
674
782
899
824
832
820
838
894
851
915
1021
954
909
869
856
855
793
724
679
652
698
1177
1101
935
1024
1061
1060
1033
942
812
882
1098
941
906
870
813
762
755
723
737
799
817
848
937
874
916
881
873
782
757
736
743
752
753
730
702
678
674
692
731
815
931
933
934
932
836
882
911
945
799
757
826
853
761
833
813
792
842
826
852
795
763
781
788
841
920
902
787
701
679
679
774
909
955
931
1080
1147
1115
1122
1024
823
825
869
911
901
952
979
1020
980
882
827
887
943
963
941
909
858
869
824
808
867
924
821
759
741
775
781
776
749
729
783
790
810
761
688
680
676
698
722
719
709
678
685
676
685
673
693
753
923
867
885
876
832
880
892
889
788
755
717
704
736
756
769
824
782
748
744
756
773
746
734
707
695
683
671
671
657
638
665
651
637
615
608
611
641
695
796
822
828
847
826
891
905
959
895
804
777
773
938
913
957
894
885
925
887
868
925
882
818
820
915
928
952
834
802
850
1002
1032
987
872
890
956
921
847
881
824
772
838
978
960
830
770
764
754
690
832
804
1072
1065
1038
1041
1005
931
889
823
906
1049
940
807
753
754
757
904
1052
1183
998
1116
1129
1105
1064
941
831
857
840
793
798
810
820
923
930
854
811
813
865
901
934
887
806
746
717
706
713
734
733
832
919
866
837
881
869
771
726
731
737
873
848
769
694
671
679
717
792
822
794
740
692
647
649
658
711
829
880
883
895
946
996
837
905
893
891
933
905
889
824
810
826
805
813
824
817
817
804
747
742
753
764
789
750
784
856
976
992
928
897
796
779
860
931
913
919
964
980
918
823
771
747
843
776
889
990
996
1013
1007
836
801
769
814
915
947
902
947
1185
1199
1097
1021
876
801
831
983
938
993
972
910
773
748
771
976
1091
1050
971
1012
989
1014
896
870
844
760
733
725
676
860
898
864
1020
1039
818
843
892
926
826
845
843
824
826
929
942
857
794
792
765
794
762
830
914
867
804
816
772
769
819
843
858
763
694
634
614
624
693
866
866
901
888
853
816
821
905
1001
858
1015
968
837
833
826
813
828
746
695
687
729
771
744
746
760
886
840
814
771
813
755
832
931
822
969
979
836
855
899
922
806
741
718
728
726
680
655
632
744
1037
995
956
861
802
771
767
764
805
723
725
778
981
1022
1005
962
889
826
818
848
815
939
1000
1021
978
918
1007
979
1010
962
794
791
843
994
937
864
945
917
944
956
1001
904
854
832
785
786
850
872
1022
912
985
1077
977
1014
918
986
1144
1089
941
812
823
991
963
909
910
971
911
1002
1070
954
834
837
902
880
841
918
891
891
896
844
754
752
769
841
836
880
896
810
754
734
721
722
731
744
748
770
752
908
1044
1041
893
979
905
858
982
992
862
753
703
692
713
695
663
737
696
744
779
736
733
717
727
703
678
683
676
704
724
717
705
680
709
843
965
1018
1014
954
883
814
790
883
1070
1010
1039
994
1011
988
921
926
944
991
916
923
998
958
881
831
866
981
972
912
896
958
954
985
873
921
1000
886
1008
914
865
1013
1063
930
931
851
759
748
813
987
1126
1039
1046
1050
1010
990
938
960
956
963
952
1068
1134
1029
871
896
1068
1113
1082
1106
966
883
854
870
771
780
752
800
846
876
751
764
758
792
719
736
726
726
691
693
744
761
808
898
854
1038
970
916
833
844
832
868
838
921
1006
1012
983
1011
958
1007
1002
885
742
690
677
698
763
798
869
912
930
866
865
886
900
862
793
753
763
815
849
889
899
932
956
902
856
836
822
857
850
782
823
909
975
966
962
973
957
806
813
838
938
946
811
830
813
828
791
858
892
1006
900
791
761
779
794
790
857
827
797
726
698
695
795
826
918
916
888
923
922
915
889
988
1053
1105
1126
1057
932
877
830
766
775
827
908
1021
900
994
1039
1014
951
1045
996
867
816
854
912
876
813
816
814
745
731
695
691
680
686
684
683
645
653
668
652
650
658
679
703
724
787
765
821
889
955
910
1055
1025
953
957
1015
886
816
821
841
844
904
1025
949
844
865
968
961
1101
1188
1112
1066
1116
1030
886
1074
1078
890
984
1085
1038
877
864
929
828
833
1012
1002
891
887
898
857
806
794
738
766
798
744
743
733
851
872
775
712
676
681
688
715
727
834
868
944
928
918
786
732
761
1109
1025
1018
898
981
1001
1005
952
923
822
856
915
917
890
858
821
738
717
735
816
921
972
937
1027
1035
958
834
860
938
944
899
899
923
825
804
826
817
779
829
931
931
842
844
815
773
787
855
863
795
830
813
778
799
944
1009
831
822
876
914
821
792
745
886
902
888
896
850
783
761
765
803
789
795
799
745
786
797
900
887
938
979
922
1109
1100
1072
982
927
913
862
910
1024
1034
924
815
880
919
928
1013
1037
1131
997
930
942
893
840
882
871
832
898
880
822
809
789
754
753
891
928
1097
1115
1012
1063
1003
994
966
854
798
860
944
944
945
1048
1048
1080
1013
890
954
980
891
911
938
892
950
899
850
867
850
772
792
813
852
826
919
955
827
827
833
837
820
819
854
897
887
889
932
896
890
878
805
816
800
771
852
1007
1111
1094
915
891
905
854
839
775
745
780
824
746
1131
871
902
971
1006
919
897
955
967
879
811
824
911
950
880
853
760
779
847
959
940
927
911
820
937
894
873
920
962
954
958
983
936
850
809
850
939
909
847
856
1010
868
854
898
950
860
860
938
1012
974
883
794
773
734
745
859
951
857
894
992
976
898
881
900
846
856
835
819
771
836
866
974
900
991
1043
1069
871
865
882
812
866
991
842
786
996
848
878
944
882
818
785
742
710
742
768
813
824
862
908
944
1021
1052
1081
1016
1013
874
879
890
815
968
969
931
983
887
816
806
884
923
844
931
1108
1105
890
838
869
1005
963
1170
1189
1107
1057
1049
890
770
828
1084
1185
1168
1027
868
800
813
902
1110
1054
842
825
782
726
769
834
955
992
994
887
891
915
943
889
770
726
779
897
938
883
837
936
926
839
848
900
922
950
933
912
822
776
744
703
714
789
880
963
904
836
888
899
905
908
1011
999
977
853
835
829
847
800
868
890
995
963
1027
994
849
807
795
715
671
659
677
716
722
680
680
663
672
670
662
664
699
788
834
854
853
943
948
952
984
1041
971
864
894
933
955
858
938
1141
983
893
1043
1147
1094
995
1195
1075
1022
973
944
991
874
950
937
908
816
858
948
1000
971
890
791
811
908
990
1068
1052
989
843
872
1126
1073
1166
1205
1078
929
970
1104
1038
1021
903
916
922
803
1131
914
933
985
1015
935
865
890
845
840
818
948
1092
1108
1080
942
938
957
1032
933
829
987
1143
1125
1019
920
1023
1082
1014
906
927
916
809
884
908
946
804
806
817
878
899
881
843
802
730
836
1221
1129
870
809
999
937
826
841
853
880
849
897
929
1062
1056
993
1019
984
999
942
975
979
847
844
910
988
986
884
828
883
854
810
771
823
824
812
818
805
831
906
931
904
839
870
902
938
950
923
850
890
948
922
960
1116
1052
893
973
1144
1101
945
869
786
775
710
703
693
714
851
1059
919
807
859
864
822
771
728
688
692
696
680
702
696
712
691
697
709
714
771
843
883
821
836
883
822
930
935
971
963
895
790
788
903
1016
996
887
786
835
913
902
906
793
773
789
741
758
785
865
949
990
1003
1008
992
955
980
948
1037
1151
1269
1120
824
783
860
1217
1141
1078
1010
937
811
785
832
857
898
939
809
763
736
697
724
724
1042
1008
922
879
824
726
704
872
961
862
989
1191
1214
1229
1188
1133
1005
974
1116
1067
1136
978
1048
1106
1160
1157
1011
813
857
889
1001
1027
966
865
990
1034
1104
1052
1032
1063
1045
847
878
1324
1185
1172
1096
1063
994
845
801
977
1266
1226
1144
918
788
848
831
851
1101
1157
1076
1069
1008
970
953
1036
1059
1060
873
944
1216
1188
1111
916
999
1048
935
963
1099
1144
971
1079
1081
894
844
741
732
710
693
730
832
954
1042
947
845
831
882
796
768
773
769
759
810
855
962
946
826
766
760
724
726
740
720
778
961
917
858
878
869
789
810
754
824
911
830
967
1085
969
1140
1047
869
874
947
958
868
957
883
853
794
771
768
833
824
790
739
704
688
688
744
893
895
906
998
1079
1025
1050
885
1086
1034
1006
1024
1030
899
780
778
885
946
972
940
884
863
885
886
814
839
844
865
848
815
762
765
730
1131
1013
916
923
793
778
781
903
796
794
784
734
706
725
730
779
833
776
714
703
694
674
661
649
709
812
698
739
757
794
824
829
872
863
898
813
898
987
1039
934
895
912
943
938
1019
1074
1035
974
931
799
802
1076
1156
1126
1069
1008
1026
1056
1105
1224
1195
1004
1033
991
840
904
1108
1167
971
1096
1129
973
945
1199
1216
1052
1121
1047
964
1200
1260
1215
1206
1191
1060
893
1093
1313
1112
1021
1167
1151
924
1000
1158
1236
1107
1013
1039
902
895
1049
1208
1005
934
1024
919
804
879
1127
1123
1072
906
783
783
768
762
797
907
926
827
797
756
710
674
699
740
745
718
753
1120
1129
1031
977
947
863
846
806
766
715
854
821
792
767
712
704
716
711
700
680
683
690
732
915
844
772
730
765
762
800
835
768
740
755
727
762
734
748
736
747
734
722
742
736
733
697
722
706
702
722
818
913
800
840
835
777
761
754
727
697
671
666
655
662
839
881
876
882
874
879
912
955
1000
968
882
876
1101
1021
894
1219
1080
1035
919
836
876
908
865
946
1011
997
961
899
893
878
840
938
1016
1068
1050
931
934
1007
1007
976
869
913
1018
979
928
959
932
885
832
876
969
960
934
882
913
885
895
858
830
813
749
786
852
837
806
794
783
806
823
837
849
761
805
846
1008
991
1116
1122
1012
979
979
987
879
883
907
945
838
920
944
975
888
867
872
924
814
756
703
710
705
701
706
1157
977
822
861
819
872
905
966
993
1002
1038
1047
1054
1048
986
986
984
1140
1110
1159
883
807
757
765
705
717
705
689
682
660
643
634
614
604
606
620
612
611
605
603
595
595
610
638
754
908
918
998
987
928
853
872
827
741
764
793
900
816
782
772
805
924
828
753
729
684
686
716
771
762
791
843
804
764
921
954
934
862
778
791
845
938
978
874
872
837
853
844
921
969
1064
1052
972
884
813
848
918
926
939
1038
1046
996
999
985
952
839
928
1056
1087
900
875
961
1078
943
1103
1055
969
819
794
860
1021
979
848
869
1037
875
844
834
837
796
837
836
828
749
760
781
883
823
809
916
987
970
894
961
926
876
909
758
714
729
737
927
1085
988
859
847
901
894
769
779
773
784
746
803
924
1005
999
1021
854
809
837
789
798
1130
1055
893
769
722
697
697
696
689
708
751
892
884
780
811
889
934
823
753
757
782
810
808
744
726
716
746
747
852
895
891
945
1045
1059
1020
842
780
809
1029
1045
931
1031
842
899
1026
991
974
898
1023
910
992
997
945
931
943
966
883
769
855
1301
1198
1049
993
901
907
1000
1003
970
957
825
787
831
902
950
1022
1047
1004
962
941
1043
1104
797
807
854
1208
1052
996
986
1009
989
1044
870
937
1030
942
875
941
1006
1032
1007
846
858
940
975
822
798
774
787
744
1135
972
793
852
881
960
901
926
894
776
824
917
928
998
764
752
808
899
1213
1146
958
916
919
951
884
1073
1024
873
952
1095
1096
974
854
899
858
827
730
736
759
779
729
700
721
730
777
771
791
864
899
868
752
767
805
851
811
759
804
880
941
888
855
850
837
797
828
870
868
826
843
773
724
687
666
662
655
642
662
728
831
854
798
845
896
1007
885
963
1039
1076
889
924
1088
1065
1030
1177
1188
1109
897
893
927
834
813
1001
1100
1046
1073
968
774
730
718
813
810
996
1124
1025
1102
1053
981
1009
1195
1188
1158
1145
1066
1088
1206
1218
1068
1244
1251
1063
1209
1212
1078
1299
1305
1093
973
986
984
854
930
1209
1167
941
953
1057
1115
1001
889
974
1121
1158
1091
998
1012
1055
1121
963
1077
1067
894
1021
1199
1091
1037
1201
1080
861
873
1138
1228
1117
1166
1037
844
795
807
812
737
721
767
829
866
796
724
694
693
674
676
664
656
684
761
1171
1104
1037
958
1115
1220
1193
1025
831
879
1230
1201
1120
1059
1107
1082
992
987
999
872
931
1192
1085
993
1035
1087
945
971
978
940
861
948
1137
1028
1175
1153
1118
952
966
944
980
958
806
743
752
763
794
849
962
983
947
913
896
896
854
831
770
774
788
882
927
957
953
924
931
990
955
873
866
800
735
818
1090
884
911
894
935
997
847
817
835
1012
1064
919
958
940
913
818
846
910
938
827
804
827
928
969
945
817
764
790
868
1105
1024
866
893
931
980
837
903
993
1057
949
819
902
921
946
864
820
914
979
1065
846
941
1017
959
823
871
885
848
737
704
665
674
1001
1003
933
932
926
869
812
731
773
934
940
864
931
1034
928
1031
1098
1109
1141
1110
896
979
1209
1120
981
966
908
949
944
938
960
1012
1026
867
907
933
893
954
1053
956
945
998
1005
871
1029
1006
894
935
978
979
934
997
1042
908
939
932
867
825
755
762
1042
909
903
946
944
933
958
904
903
951
998
958
902
935
979
902
920
1038
1044
919
1055
1065
946
991
1048
952
964
1094
1041
961
1067
944
1133
1146
993
932
1011
1013
972
832
821
853
1016
1088
1079
1076
1077
900
962
1035
954
824
852
1214
1197
1149
933
953
983
998
905
828
862
1031
1103
967
1042
1099
1038
887
942
1112
1157
994
968
1140
1121
1048
1109
1128
1005
895
868
842
811
888
990
918
975
953
909
789
752
718
682
661
673
674
711
697
721
674
729
1020
891
943
973
929
840
862
952
1007
993
1056
1085
1004
894
899
929
837
927
1092
1140
926
929
901
833
845
938
793
773
768
797
762
774
810
906
921
963
990
916
862
829
786
794
863
942
840
912
891
932
953
934
892
998
869
910
945
987
917
914
961
940
864
907
943
1057
967
1030
865
921
948
919
807
1064
1053
997
868
867
898
1010
988
889
880
984
1107
1022
993
827
784
839
926
1145
1032
953
957
1023
951
843
897
951
891
823
832
851
943
974
893
957
1008
1041
1014
850
866
949
1015
1126
904
889
963
966
963
880
905
963
1003
1033
866
748
743
756
815
818
771
710
692
675
1032
974
979
1027
1009
982
962
1093
1180
1237
1115
892
804
743
800
844
783
798
812
757
790
798
778
802
779
744
743
702
732
921
954
968
994
983
1036
1016
994
909
904
1185
1187
1101
1065
1011
871
983
1113
1096
1077
1126
1061
987
961
894
856
905
964
934
1009
950
881
932
1037
1098
1048
1092
1021
976
1024
1036
997
1005
1018
985
1008
986
977
1011
1063
961
1110
1079
949
904
970
1047
916
963
964
930
861
906
939
941
956
852
822
792
801
771
766
817
901
931
883
965
978
874
872
923
1001
954
1093
1065
890
919
1000
994
877
920
948
883
837
841
845
808
839
887
889
827
812
771
720
729
742
778
719
725
740
691
675
678
659
672
683
674
649
647
662
699
798
820
812
935
1183
933
904
843
892
853
818
854
851
773
801
829
908
946
944
1063
1062
976
1046
1084
1005
950
967
979
1011
1062
1097
1033
995
914
836
830
911
1005
877
874
921
974
873
957
949
877
820
886
1019
966
831
828
901
990
960
886
869
859
889
877
902
930
930
949
982
1027
1082
1021
1087
1045
1024
971
1010
1084
1111
1001
1032
1082
1178
1037
1004
984
1009
955
1031
964
954
937
888
845
842
800
741
730
790
897
882
883
807
866
881
908
1074
1101
1050
972
892
1014
1075
1059
982
1036
976
947
878
781
802
867
1155
1065
1000
993
891
900
889
896
775
823
791
736
711
688
666
656
654
685
740
815
881
731
751
764
776
744
803
842
902
827
855
901
919
831
855
952
1123
950
875
901
1060
1087
966
978
900
800
837
788
747
770
782
733
759
761
781
751
789
803
813
783
868
917
1009
896
942
1018
1058
961
965
1068
892
964
976
818
842
883
880
828
788
1117
862
842
796
786
746
745
770
813
816
891
925
955
900
1064
1184
1011
1134
1165
1132
1195
1128
938
971
1139
1041
1088
1179
1182
1056
1059
968
848
892
1056
1013
1001
1224
976
856
931
1148
1022
1010
1095
1070
1018
1041
1146
1103
953
1003
1060
1063
955
973
1020
1013
882
883
1059
1191
1079
927
1057
1141
1113
1053
1036
1032
1046
976
1157
1194
1093
852
812
865
1070
1052
847
756
714
751
975
936
955
965
881
772
742
698
674
667
661
654
661
685
644
669
663
662
663
652
648
714
735
856
1169
1126
1151
1155
1104
1035
1245
1256
1230
1167
1213
1192
1189
1125
1033
948
1111
1187
918
869
831
830
892
907
877
866
871
941
1050
1008
967
868
915
883
827
759
948
820
922
1022
986
966
909
866
787
816
854
902
865
801
965
892
891
884
936
999
857
983
1028
897
947
933
919
827
805
834
972
998
974
1106
1086
984
979
938
930
933
931
896
889
942
932
814
864
882
955
840
771
824
854
889
833
873
935
938
795
801
854
857
866
760
811
850
897
909
799
861
913
894
776
809
854
994
841
872
981
984
828
735
724
707
719
745
756
703
725
747
781
799
764
750
750
743
709
747
890
1094
1134
1011
1061
1057
911
930
929
864
847
835
918
927
810
811
828
780
771
771
735
811
872
905
866
874
846
786
775
1002
935
1033
1042
1021
912
929
952
1005
948
992
993
1032
902
946
1024
1035
982
1014
945
876
900
891
862
859
849
824
834
882
902
920
941
994
1095
1052
1087
1057
1157
1102
1025
983
935
979
1020
980
981
1040
971
974
965
856
861
917
908
837
924
1053
1067
906
926
990
914
876
932
938
789
793
908
1107
1048
865
875
872
867
874
968
987
880
931
994
923
855
856
846
810
778
830
868
830
864
971
917
865
890
904
844
810
807
811
827
896
862
749
777
789
860
781
795
801
822
766
729
716
711
693
670
660
653
661
673
674
651
651
658
801
1050
1032
1064
1074
1066
1125
1100
1075
1031
947
938
1022
1203
1023
853
936
1127
1156
1105
996
878
964
1117
1157
996
1041
1025
938
987
1022
1146
1200
1223
1166
1109
1028
1046
986
881
907
879
918
906
870
920
965
866
764
757
799
853
856
863
887
885
873
801
821
1003
1194
1186
1010
896
946
1071
1083
1079
1087
1090
1007
902
904
1058
1189
1127
1007
1015
1059
996
1060
1082
1140
988
1198
1123
1028
958
905
869
849
957
1145
1053
905
941
1182
1132
982
1108
1177
1042
1112
1166
1031
944
1139
1252
1151
1177
1123
1051
1052
1014
866
887
972
888
822
859
884
779
806
828
827
767
742
748
739
724
688
705
714
730
756
754
730
743
743
718
718
801
883
918
958
952
860
856
900
921
947
919
1113
1198
1158
982
963
938
793
749
744
762
792
752
841
900
843
855
957
995
929
921
998
1043
908
1015
1118
1101
1010
1053
997
818
845
817
917
916
835
869
918
894
790
787
791
826
898
867
1010
968
903
920
987
962
918
879
932
979
985
902
918
946
953
813
859
991
978
949
860
931
949
891
818
878
936
927
816
936
1024
943
861
887
990
1041
918
971
988
881
872
926
991
848
876
892
833
765
802
889
965
844
856
936
1025
871
794
805
867
897
791
852
922
912
786
812
865
979
917
780
758
734
693
690
672
646
643
637
673
707
743
751
706
685
678
723
780
777
849
980
1086
1026
916
820
872
974
1013
963
936
961
1031
955
826
918
1007
1075
1014
971
860
889
1107
1056
946
920
961
1140
1181
1134
1047
1000
973
997
887
935
981
1087
1024
952
930
898
840
818
854
795
782
843
851
818
766
724
725
723
726
710
758
782
851
831
896
893
938
1053
1165
1110
1019
941
851
925
967
951
861
942
1220
1146
1045
953
899
839
907
934
991
976
959
895
881
906
878
839
941
922
914
856
854
798
729
699
722
686
700
718
798
820
843
837
862
870
774
852
874
809
949
954
863
943
906
795
812
834
859
777
813
860
913
811
831
863
848
827
788
852
872
797
733
762
794
804
729
711
717
729
767
763
721
695
666
669
1038
865
821
747
700
949
1071
1061
1064
1054
1041
1045
1041
1076
1155
1083
962
1059
1054
1101
1080
1046
935
929
1070
1211
1034
1015
1064
927
915
1022
1079
1035
917
929
900
837
765
809
1107
1020
987
969
788
749
761
753
751
774
784
788
747
720
717
701
714
741
805
754
808
817
800
779
843
1146
1136
1105
980
994
1001
918
866
892
971
959
874
916
1077
1121
1043
971
979
979
931
874
941
1135
1134
1146
1136
1079
1035
897
894
946
1116
1018
1151
1046
928
938
985
990
900
922
1019
1009
900
800
760
787
841
970
1015
955
872
806
747
907
905
827
811
828
856
886
893
918
829
776
789
982
1103
877
766
785
780
812
808
797
812
835
836
784
780
811
894
944
874
855
808
780
703
679
687
714
725
783
828
853
883
891
890
888
898
888
785
797
843
1265
1061
887
1170
1271
1232
1162
1004
1002
1071
964
824
848
985
1165
1090
916
1147
894
776
828
819
804
898
979
821
773
800
833
899
828
828
848
834
745
742
749
801
966
1034
984
861
823
822
906
926
950
865
911
959
881
967
931
918
810
831
785
738
898
840
934
991
996
849
822
861
962
970
869
948
1029
1034
965
890
875
897
878
816
860
978
984
917
859
878
882
849
796
836
910
961
854
904
932
922
880
863
878
891
857
856
869
906
950
848
848
911
1036
979
825
740
717
818
1048
953
949
935
898
877
893
985
1114
1123
964
800
823
786
729
741
726
704
683
681
689
700
776
793
752
745
754
716
685
688
750
929
982
1031
1060
938
823
757
812
829
825
899
816
753
691
673
660
688
802
854
932
1042
1132
1041
989
867
828
901
1134
914
851
883
794
813
803
776
828
869
825
848
1003
1081
1024
949
981
1230
1226
1146
973
1073
1269
1209
1097
1196
1178
1008
937
1031
1178
1224
1031
1046
900
794
771
932
1029
1142
1115
1045
974
915
896
876
906
1100
1112
1016
995
1075
1136
1011
889
940
1072
871
1013
1271
1217
1133
1034
1138
1080
969
978
997
967
893
1007
1149
1151
1040
1085
1228
1216
1212
1169
891
821
847
1080
1102
914
777
741
768
765
865
873
778
731
727
706
680
672
663
649
627
617
620
609
604
597
592
591
618
940
761
696
724
739
852
996
1006
957
929
883
809
871
1042
1072
1153
1024
1230
1254
1257
1228
1216
1141
1048
1056
1165
1160
1159
1062
1076
1079
937
1187
1200
1106
802
833
832
1132
961
876
891
947
866
818
843
914
995
995
914
798
809
887
1070
1050
888
856
865
1004
953
823
858
853
942
942
993
994
970
957
973
861
882
903
1051
1162
956
906
963
989
841
768
785
837
1057
1217
1097
917
902
934
858
847
879
972
1043
969
911
972
1033
862
895
884
855
772
812
856
1044
983
851
827
823
883
911
809
838
778
720
697
659
656
653
658
643
620
622
608
613
653
733
690
705
749
854
921
809
737
705
678
911
764
729
747
938
912
770
740
745
728
739
685
782
1160
1175
1180
1165
1130
1116
1021
943
1177
1267
1213
1139
1132
1065
862
842
887
959
891
1010
983
942
867
895
868
794
847
829
813
826
803
748
708
690
698
712
688
667
653
656
684
745
774
894
1018
1066
1149
1120
1081
1009
915
885
909
938
892
845
900
1055
1202
1208
1150
1096
1016
957
979
1028
1042
963
965
1078
1201
1117
1090
1011
959
903
822
820
862
1081
1076
1036
931
814
751
757
829
953
954
909
876
808
780
786
842
879
881
819
879
941
959
970
900
911
924
948
872
844
864
902
896
825
765
734
684
694
710
783
835
781
736
689
682
681
702
736
795
825
821
845
818
765
773
758
722
717
695
676
658
789
992
948
800
774
793
936
1005
870
864
785
798
1144
1091
967
869
970
1187
1121
1028
981
957
822
812
913
1085
1171
1148
1173
1119
1096
979
920
987
862
852
884
880
853
810
772
746
748
809
784
766
748
750
732
715
727
765
888
897
1037
1019
1049
975
1027
1037
1042
1005
1021
1070
1001
885
933
967
991
978
931
936
945
947
938
941
940
959
850
835
875
950
1059
1006
886
862
894
1027
1074
1149
1044
891
836
836
889
949
866
811
765
791
835
939
911
857
803
780
785
757
764
718
747
798
813
835
818
860
948
934
914
882
807
795
732
733
753
737
795
803
746
708
758
771
733
738
730
751
759
763
762
718
716